ca65 V2.18 - Ubuntu 2.19-1
Main file   : vera-demo.asm
Current file: vera-demo.asm

000000r 1               ; Using Visual Studio Code (VCS)
000000r 1               ; VSC extensions
000000r 1               ; ca65 Macro Assembler Language Support
000000r 1               
000000r 1               ; Requires cc65
000000r 1               ;
000000r 1               
000000r 1               
000000r 1               .org $080D
00080D  1               
00080D  1               
00080D  1               .segment "STARTUP"
00080D  1               .segment "INIT"
00080D  1               .segment "ONCE"
00080D  1               .segment "CODE"
00080D  1               
00080D  1               
00080D  1  4C 1E 29     jmp start
000810  1               
000810  1               
000810  1               .include "kernal.inc"
000810  2               ; Kernal Zeropage
000810  2               ; The registers R0 to R4 are the 16-bit Application Binary Interface (ABI) used by the Kernal
000810  2               ; R0 - R5 = Arguments / Return values
000810  2               ; R6 - R10 = Return values
000810  2               ; R11 - R15 = Scratch
000810  2               KERNAL_R0   = $0002
000810  2               KERNAL_R0_L = $0002
000810  2               KERNAL_R0_H = $0003
000810  2               KERNAL_R1   = $0004
000810  2               KERNAL_R1_L = $0004
000810  2               KERNAL_R1_H = $0005
000810  2               KERNAL_R2   = $0006
000810  2               KERNAL_R2_L = $0006
000810  2               KERNAL_R2_H = $0007
000810  2               KERNAL_R3   = $0008
000810  2               KERNAL_R3_L = $0008
000810  2               KERNAL_R3_H = $0009
000810  2               KERNAL_R4   = $000A
000810  2               KERNAL_R4_L = $000A
000810  2               KERNAL_R4_H = $000B
000810  2               
000810  2               ; Kernal Functions
000810  2               KERNAL_CHROUT   = $FFD2
000810  2               KERNAL_GETIN    = $FFE4
000810  2               KERNAL_CLOCK_SET = $FF4D
000810  2               KERNAL_CLOCK_GET = $FF50 ; https://github.com/X16Community/x16-docs/blob/master/X16%20Reference%20-%2004%20-%20KERNAL.md#function-name-clock_set_date_time
000810  2               ; clock_get does NOT support jiffy
000810  2               KERNAL_SETTIM = $FFDB ; https://www.pagetable.com/c64ref/kernal/#SETTIM
000810  2               KERNAL_RDTIM = $FFDE ; https://www.pagetable.com/c64ref/kernal/#RDTIM
000810  2               
000810  1               .include "variables.inc"
000810  2               ; variables
000810  2               GAME_TIMER = $24    ; ZP address to manage game timing
000810  2               GAME_BACKGROUND = $25   ; ZP address to manage game background colour
000810  2               
000810  2               ; test messages
000810  2  54 45 53 54  TEST_MESSAGE_1: .asciiz "test message."
000814  2  20 4D 45 53  
000818  2  53 41 47 45  
00081E  2               
00081E  2               ; our sprite data
00081E  2               dataOld:
00081E  2  10 10 10 10     .byte 16,16,16,16,16,16, 0, 0, 0, 0, 0, 0, 0, 0, 0, 0
000822  2  10 10 00 00  
000826  2  00 00 00 00  
00082E  2  10 26 26 26     .byte 16,38,38,38,38,38,16, 0, 0, 0, 0, 0, 0, 0, 0, 0
000832  2  26 26 10 00  
000836  2  00 00 00 00  
00083E  2  10 32 32 32     .byte 16,50,50,50,50,38,16, 0, 0, 0, 0, 0, 0, 0, 0, 0
000842  2  32 26 10 00  
000846  2  00 00 00 00  
00084E  2  10 32 32 32     .byte 16,50,50,50,38,16, 0, 0, 0, 0, 0, 0, 0, 0, 0, 0
000852  2  26 10 00 00  
000856  2  00 00 00 00  
00085E  2  10 32 32 32     .byte 16,50,50,50,50,38,16, 0, 0, 0, 0, 0, 0, 0, 0, 0
000862  2  32 26 10 00  
000866  2  00 00 00 00  
00086E  2  10 32 10 10     .byte 16,50,16,16,50,50,38,16, 0, 0, 0, 0, 0, 0, 0, 0
000872  2  32 32 26 10  
000876  2  00 00 00 00  
00087E  2  00 10 10 00     .byte  0,16,16, 0,16,50,50,38,16, 0, 0, 0, 0, 0, 0, 0
000882  2  10 32 32 26  
000886  2  10 00 00 00  
00088E  2  00 00 00 00     .byte  0, 0, 0, 0, 0,16,50,50,38,16, 0, 0, 0, 0, 0, 0
000892  2  00 10 32 32  
000896  2  26 10 00 00  
00089E  2  00 00 00 00     .byte  0, 0, 0, 0, 0, 0,16,50,50,38,16, 0, 0, 0, 0, 0
0008A2  2  00 00 10 32  
0008A6  2  32 26 10 00  
0008AE  2  00 00 00 00     .byte  0, 0, 0, 0, 0, 0, 0,16,50,16, 0, 0, 0, 0, 0, 0
0008B2  2  00 00 00 10  
0008B6  2  32 10 00 00  
0008BE  2  00 00 00 00     .byte  0, 0, 0, 0, 0, 0, 0, 0,16, 0, 0, 0, 0, 0, 0, 0
0008C2  2  00 00 00 00  
0008C6  2  10 00 00 00  
0008CE  2  00 00 00 00     .byte  0, 0, 0, 0, 0, 0, 0, 0, 0, 0, 0, 0, 0, 0, 0, 0
0008D2  2  00 00 00 00  
0008D6  2  00 00 00 00  
0008DE  2  00 00 00 00     .byte  0, 0, 0, 0, 0, 0, 0, 0, 0, 0, 0, 0, 0, 0, 0, 0
0008E2  2  00 00 00 00  
0008E6  2  00 00 00 00  
0008EE  2  00 00 00 00     .byte  0, 0, 0, 0, 0, 0, 0, 0, 0, 0, 0, 0, 0, 0, 0, 0
0008F2  2  00 00 00 00  
0008F6  2  00 00 00 00  
0008FE  2  00 00 00 00     .byte  0, 0, 0, 0, 0, 0, 0, 0, 0, 0, 0, 0, 0, 0, 0, 0
000902  2  00 00 00 00  
000906  2  00 00 00 00  
00090E  2  00 00 00 00     .byte  0, 0, 0, 0, 0, 0, 0, 0, 0, 0, 0, 0, 0, 0, 0, 0
000912  2  00 00 00 00  
000916  2  00 00 00 00  
00091E  2               
00091E  2               ; Sprite Graphics
00091E  2               data:
00091E  2                   ; Frame 0
00091E  2  00 00 00 00      .byte 0, 0, 0, 0, 0, 0, 0, 0, 0, 0, 0, 0, 41, 22, 35, 42, 42, 34, 41, 40, 0, 0, 0, 0, 0, 0, 0, 0, 0, 0, 0, 0
000922  2  00 00 00 00  
000926  2  00 00 00 00  
00093E  2  00 00 00 00      .byte 0, 0, 0, 0, 0, 0, 0, 0, 0, 49, 56, 49, 35, 24, 24, 35, 49, 42, 23, 22, 22, 41, 40, 0, 0, 0, 0, 0, 0, 0, 0, 0
000942  2  00 00 00 00  
000946  2  00 31 38 31  
00095E  2  00 00 00 00      .byte 0, 0, 0, 0, 0, 0, 0, 49, 56, 49, 35, 25, 25, 25, 25, 24, 56, 56, 42, 35, 22, 55, 55, 41, 19, 0, 0, 0, 0, 0, 0, 0
000962  2  00 00 00 31  
000966  2  38 31 23 19  
00097E  2  00 00 00 00      .byte 0, 0, 0, 0, 0, 0, 49, 56, 42, 25, 25, 26, 26, 26, 43, 57, 57, 56, 56, 56, 42, 41, 48, 48, 21, 20, 0, 0, 0, 0, 0, 0
000982  2  00 00 31 38  
000986  2  2A 19 19 1A  
00099E  2  00 00 00 00      .byte 0, 0, 0, 0, 0, 23, 35, 50, 36, 26, 26, 26, 27, 43, 57, 57, 57, 57, 57, 56, 35, 24, 23, 34, 41, 21, 33, 0, 0, 0, 0, 0
0009A2  2  00 17 23 32  
0009A6  2  24 1A 1A 1A  
0009BE  2  00 00 00 00      .byte 0, 0, 0, 0, 24, 24, 43, 57, 57, 51, 43, 26, 37, 50, 58, 57, 57, 57, 57, 50, 25, 24, 23, 23, 21, 48, 47, 47, 0, 0, 0, 0
0009C2  2  18 18 2B 39  
0009C6  2  39 33 2B 1A  
0009DE  2  00 00 00 17      .byte 0, 0, 0, 23, 24, 43, 57, 57, 57, 58, 58, 51, 37, 51, 58, 58, 58, 57, 57, 43, 25, 24, 24, 23, 22, 55, 54, 54, 19, 0, 0, 0
0009E2  2  18 2B 39 39  
0009E6  2  39 3A 3A 33  
0009FE  2  00 00 15 18      .byte 0, 0, 21, 24, 35, 57, 57, 57, 58, 58, 58, 37, 29, 29, 28, 44, 58, 58, 57, 36, 25, 25, 24, 23, 23, 55, 55, 54, 40, 18, 0, 0
000A02  2  23 39 39 39  
000A06  2  3A 3A 3A 25  
000A1E  2  00 00 17 18      .byte 0, 0, 23, 24, 50, 57, 57, 58, 58, 58, 51, 29, 30, 30, 29, 29, 28, 37, 44, 26, 26, 25, 24, 24, 23, 55, 55, 54, 47, 19, 0, 0
000A22  2  32 39 39 3A  
000A26  2  3A 3A 33 1D  
000A3E  2  00 15 18 23      .byte 0, 21, 24, 35, 57, 57, 57, 58, 58, 58, 38, 30, 30, 30, 30, 30, 29, 28, 44, 57, 50, 43, 24, 24, 23, 34, 55, 54, 54, 40, 18, 0
000A42  2  39 39 39 3A  
000A46  2  3A 3A 26 1E  
000A5E  2  00 16 18 31      .byte 0, 22, 24, 49, 57, 57, 57, 58, 58, 51, 30, 31, 31, 31, 31, 30, 29, 28, 50, 57, 57, 57, 56, 42, 42, 48, 55, 54, 54, 47, 18, 0
000A62  2  39 39 39 3A  
000A66  2  3A 33 1E 1F  
000A7E  2  00 38 2A 2A      .byte 0, 56, 42, 42, 50, 57, 57, 58, 58, 38, 30, 31, 31, 31, 31, 30, 29, 37, 58, 58, 57, 57, 56, 56, 56, 34, 41, 47, 54, 54, 19, 0
000A82  2  32 39 39 3A  
000A86  2  3A 26 1E 1F  
000A9E  2  30 38 2A 19      .byte 48, 56, 42, 25, 25, 36, 43, 51, 51, 29, 30, 31, 31, 31, 31, 30, 29, 51, 58, 58, 57, 57, 56, 56, 56, 22, 22, 21, 33, 47, 18, 17
000AA2  2  19 24 2B 33  
000AA6  2  33 1D 1E 1F  
000ABE  2  37 38 17 19      .byte 55, 56, 23, 25, 25, 26, 27, 28, 44, 27, 29, 30, 31, 31, 30, 30, 28, 58, 58, 57, 57, 57, 56, 56, 56, 22, 22, 21, 20, 19, 53, 53
000AC2  2  19 1A 1B 1C  
000AC6  2  2C 1B 1D 1E  
000ADE  2  37 37 23 18      .byte 55, 55, 35, 24, 25, 26, 27, 27, 58, 58, 51, 44, 38, 30, 30, 29, 44, 58, 58, 57, 57, 57, 56, 56, 49, 22, 21, 21, 20, 19, 235, 53
000AE2  2  19 1A 1B 1B  
000AE6  2  3A 3A 33 2C  
000AFE  2  37 37 23 18      .byte 55, 55, 35, 24, 25, 26, 26, 36, 58, 58, 58, 58, 58, 51, 44, 29, 51, 58, 57, 57, 57, 56, 56, 56, 41, 22, 21, 21, 20, 19, 235, 53
000B02  2  19 1A 1A 24  
000B06  2  3A 3A 3A 3A  
000B1E  2  37 30 17 18      .byte 55, 48, 23, 24, 24, 25, 26, 43, 57, 58, 58, 58, 58, 58, 58, 51, 37, 43, 57, 57, 57, 56, 56, 56, 34, 22, 21, 20, 20, 19, 53, 53
000B22  2  18 19 1A 2B  
000B26  2  39 3A 3A 3A  
000B3E  2  37 29 17 17      .byte 55, 41, 23, 23, 24, 25, 25, 50, 57, 57, 58, 58, 58, 58, 58, 44, 27, 26, 25, 36, 49, 56, 56, 55, 22, 21, 21, 20, 19, 18, 53, 53
000B42  2  18 19 19 32  
000B46  2  39 39 3A 3A  
000B5E  2  2F 30 16 17      .byte 47, 48, 22, 23, 24, 24, 24, 57, 57, 57, 57, 57, 57, 57, 57, 26, 26, 26, 25, 25, 24, 35, 42, 48, 22, 21, 20, 20, 19, 18, 53, 16
000B62  2  18 18 18 39  
000B66  2  39 39 39 39  
000B7E  2  12 22 22 16      .byte 18, 34, 34, 22, 23, 24, 24, 56, 57, 57, 57, 57, 57, 57, 50, 26, 25, 25, 25, 24, 24, 23, 22, 48, 48, 33, 33, 19, 19, 235, 53, 16
000B82  2  17 18 18 38  
000B86  2  39 39 39 39  
000B9E  2  00 15 30 37      .byte 0, 21, 48, 55, 41, 35, 35, 56, 56, 56, 56, 57, 57, 57, 43, 25, 25, 24, 24, 24, 23, 23, 21, 55, 54, 54, 54, 235, 18, 235, 53, 0
000BA2  2  29 23 23 38  
000BA6  2  38 38 38 39  
000BBE  2  00 14 2F 37      .byte 0, 20, 47, 55, 55, 55, 49, 42, 56, 56, 56, 56, 56, 56, 24, 24, 24, 24, 23, 23, 23, 22, 41, 55, 54, 54, 54, 53, 53, 17, 16, 0
000BC2  2  37 37 31 2A  
000BC6  2  38 38 38 38  
000BDE  2  00 13 21 36      .byte 0, 19, 33, 54, 55, 55, 41, 23, 23, 35, 42, 49, 56, 49, 24, 23, 23, 23, 23, 22, 22, 21, 47, 54, 54, 54, 53, 53, 235, 17, 16, 0
000BE2  2  37 37 29 17  
000BE6  2  17 23 2A 31  
000BFE  2  00 00 21 36      .byte 0, 0, 33, 54, 54, 55, 55, 22, 22, 23, 23, 23, 34, 34, 23, 23, 23, 22, 22, 22, 21, 40, 54, 54, 54, 53, 53, 53, 17, 16, 0, 0
000C02  2  36 37 37 16  
000C06  2  16 17 17 17  
000C1E  2  00 00 12 28      .byte 0, 0, 18, 40, 54, 54, 54, 21, 22, 22, 22, 22, 21, 55, 55, 48, 34, 22, 21, 21, 20, 54, 54, 54, 53, 53, 53, 17, 17, 16, 0, 0
000C22  2  36 36 36 15  
000C26  2  16 16 16 16  
000C3E  2  00 00 00 12      .byte 0, 0, 0, 18, 54, 54, 54, 21, 21, 21, 21, 21, 41, 55, 55, 55, 55, 54, 40, 236, 47, 54, 54, 53, 53, 53, 17, 17, 16, 0, 0, 0
000C42  2  36 36 36 15  
000C46  2  15 15 15 15  
000C5E  2  00 00 00 00      .byte 0, 0, 0, 0, 53, 47, 54, 20, 20, 20, 20, 21, 47, 54, 54, 54, 54, 54, 54, 47, 19, 235, 53, 53, 53, 17, 17, 16, 0, 0, 0, 0
000C62  2  35 2F 36 14  
000C66  2  14 14 14 15  
000C7E  2  00 00 00 00      .byte 0, 0, 0, 0, 0, 235, 19, 19, 19, 20, 20, 33, 54, 54, 54, 54, 54, 54, 47, 19, 19, 18, 18, 17, 53, 16, 16, 0, 0, 0, 0, 0
000C82  2  00 EB 13 13  
000C86  2  13 14 14 21  
000C9E  2  00 00 00 00      .byte 0, 0, 0, 0, 0, 0, 235, 18, 53, 235, 18, 235, 54, 54, 54, 53, 53, 235, 18, 18, 18, 18, 17, 17, 16, 16, 0, 0, 0, 0, 0, 0
000CA2  2  00 00 EB 12  
000CA6  2  35 EB 12 EB  
000CBE  2  00 00 00 00      .byte 0, 0, 0, 0, 0, 0, 0, 17, 235, 53, 53, 18, 235, 235, 53, 53, 235, 18, 18, 17, 17, 17, 16, 16, 16, 0, 0, 0, 0, 0, 0, 0
000CC2  2  00 00 00 11  
000CC6  2  EB 35 35 12  
000CDE  2  00 00 00 00      .byte 0, 0, 0, 0, 0, 0, 0, 0, 0, 53, 53, 235, 18, 235, 235, 53, 17, 17, 17, 17, 16, 16, 16, 0, 0, 0, 0, 0, 0, 0, 0, 0
000CE2  2  00 00 00 00  
000CE6  2  00 35 35 EB  
000CFE  2  00 00 00 00      .byte 0, 0, 0, 0, 0, 0, 0, 0, 0, 0, 0, 0, 16, 17, 16, 16, 16, 16, 16, 16, 0, 0, 0, 0, 0, 0, 0, 0, 0, 0, 0, 0
000D02  2  00 00 00 00  
000D06  2  00 00 00 00  
000D1E  2               ; Frame 1
000D1E  2  00 00 00 00      .byte 0, 0, 0, 0, 0, 0, 0, 0, 0, 0, 0, 0, 41, 22, 42, 42, 42, 34, 21, 20, 0, 0, 0, 0, 0, 0, 0, 0, 0, 0, 0, 0
000D22  2  00 00 00 00  
000D26  2  00 00 00 00  
000D3E  2  00 00 00 00      .byte 0, 0, 0, 0, 0, 0, 0, 0, 0, 49, 42, 35, 24, 24, 24, 42, 35, 23, 23, 23, 34, 48, 33, 0, 0, 0, 0, 0, 0, 0, 0, 0
000D42  2  00 00 00 00  
000D46  2  00 31 2A 23  
000D5E  2  00 00 00 00      .byte 0, 0, 0, 0, 0, 0, 0, 49, 42, 23, 25, 25, 25, 25, 42, 56, 56, 49, 42, 42, 55, 55, 48, 21, 19, 0, 0, 0, 0, 0, 0, 0
000D62  2  00 00 00 31  
000D66  2  2A 17 19 19  
000D7E  2  00 00 00 00      .byte 0, 0, 0, 0, 0, 0, 49, 42, 25, 25, 25, 26, 36, 50, 57, 57, 57, 56, 56, 35, 35, 41, 48, 34, 21, 40, 0, 0, 0, 0, 0, 0
000D82  2  00 00 31 2A  
000D86  2  19 19 19 1A  
000D9E  2  00 00 00 00      .byte 0, 0, 0, 0, 0, 23, 49, 43, 36, 26, 26, 36, 57, 57, 57, 57, 57, 57, 42, 24, 24, 24, 23, 22, 34, 34, 47, 0, 0, 0, 0, 0
000DA2  2  00 17 31 2B  
000DA6  2  24 1A 1A 24  
000DBE  2  00 00 00 00      .byte 0, 0, 0, 0, 23, 42, 57, 57, 57, 51, 43, 50, 58, 58, 58, 57, 57, 57, 36, 25, 25, 24, 23, 23, 55, 48, 47, 47, 0, 0, 0, 0
000DC2  2  17 2A 39 39  
000DC6  2  39 33 2B 32  
000DDE  2  00 00 00 17      .byte 0, 0, 0, 23, 42, 57, 57, 57, 57, 58, 36, 27, 44, 51, 58, 58, 58, 50, 26, 26, 25, 24, 24, 23, 55, 55, 54, 40, 19, 0, 0, 0
000DE2  2  2A 39 39 39  
000DE6  2  39 3A 24 1B  
000DFE  2  00 00 15 23      .byte 0, 0, 21, 35, 56, 57, 57, 57, 58, 37, 28, 29, 29, 29, 28, 44, 58, 36, 27, 26, 25, 25, 24, 23, 55, 55, 55, 54, 33, 18, 0, 0
000E02  2  38 39 39 39  
000E06  2  3A 25 1C 1D  
000E1E  2  00 00 17 31      .byte 0, 0, 23, 49, 57, 57, 57, 58, 51, 28, 29, 29, 30, 30, 29, 29, 37, 51, 44, 26, 26, 25, 24, 24, 55, 55, 55, 54, 33, 19, 0, 0
000E22  2  39 39 39 3A  
000E26  2  33 1C 1D 1D  
000E3E  2  00 15 23 38      .byte 0, 21, 35, 56, 57, 57, 57, 58, 37, 29, 29, 30, 30, 30, 30, 30, 51, 58, 58, 57, 50, 43, 24, 24, 56, 55, 55, 54, 40, 19, 18, 0
000E42  2  39 39 39 3A  
000E46  2  25 1D 1D 1E  
000E5E  2  00 22 31 38      .byte 0, 34, 49, 56, 57, 57, 57, 51, 28, 29, 30, 31, 31, 31, 31, 38, 58, 58, 58, 57, 57, 57, 56, 42, 49, 55, 55, 54, 47, 19, 18, 0
000E62  2  39 39 39 33  
000E66  2  1C 1D 1E 1F  
000E7E  2  00 30 23 2A      .byte 0, 48, 35, 42, 50, 57, 57, 36, 29, 29, 30, 31, 31, 31, 31, 45, 58, 58, 58, 58, 57, 57, 56, 42, 23, 22, 41, 47, 47, 19, 19, 0
000E82  2  32 39 39 24  
000E86  2  1D 1D 1E 1F  
000E9E  2  30 29 18 19      .byte 48, 41, 24, 25, 25, 36, 43, 27, 28, 29, 30, 31, 31, 31, 30, 52, 58, 58, 58, 58, 57, 57, 56, 42, 23, 22, 22, 21, 33, 19, 18, 17
000EA2  2  19 24 2B 1B  
000EA6  2  1C 1D 1E 1F  
000EBE  2  37 23 18 19      .byte 55, 35, 24, 25, 25, 26, 44, 51, 51, 27, 29, 30, 31, 31, 29, 59, 58, 58, 58, 57, 57, 57, 56, 35, 23, 22, 22, 21, 20, 47, 53, 235
000EC2  2  19 1A 2C 33  
000EC6  2  33 1B 1D 1E  
000EDE  2  37 17 18 18      .byte 55, 23, 24, 24, 25, 26, 43, 58, 58, 58, 51, 44, 38, 29, 44, 58, 58, 58, 58, 57, 57, 57, 56, 24, 23, 22, 21, 21, 20, 47, 53, 53
000EE2  2  19 1A 2B 3A  
000EE6  2  3A 3A 33 2C  
000EFE  2  37 16 17 18      .byte 55, 22, 23, 24, 25, 36, 57, 57, 58, 58, 58, 58, 58, 51, 44, 58, 58, 58, 57, 57, 57, 56, 49, 23, 23, 22, 21, 21, 20, 47, 53, 53
000F02  2  19 24 39 39  
000F06  2  3A 3A 3A 3A  
000F1E  2  37 16 17 18      .byte 55, 22, 23, 24, 24, 36, 57, 57, 57, 58, 58, 58, 58, 44, 28, 28, 37, 43, 57, 57, 57, 56, 42, 23, 22, 22, 21, 20, 33, 53, 53, 53
000F22  2  18 24 39 39  
000F26  2  39 3A 3A 3A  
000F3E  2  37 16 17 17      .byte 55, 22, 23, 23, 24, 42, 57, 57, 57, 57, 58, 58, 58, 36, 27, 27, 27, 26, 25, 36, 49, 56, 23, 23, 22, 21, 21, 20, 19, 53, 53, 53
000F42  2  18 2A 39 39  
000F46  2  39 39 3A 3A  
000F5E  2  2F 15 16 17      .byte 47, 21, 22, 23, 24, 49, 56, 57, 57, 57, 57, 57, 50, 26, 27, 26, 26, 26, 25, 25, 24, 42, 41, 34, 22, 21, 20, 20, 40, 53, 53, 17
000F62  2  18 31 38 39  
000F66  2  39 39 39 39  
000F7E  2  12 30 22 16      .byte 18, 48, 34, 22, 23, 49, 56, 56, 57, 57, 57, 57, 50, 26, 26, 26, 25, 25, 25, 24, 24, 49, 55, 55, 48, 33, 33, 19, 235, 53, 53, 16
000F82  2  17 31 38 38  
000F86  2  39 39 39 39  
000F9E  2  00 28 37 37      .byte 0, 40, 55, 55, 41, 41, 56, 56, 56, 56, 56, 57, 35, 25, 25, 25, 25, 24, 24, 24, 35, 48, 55, 55, 54, 54, 54, 235, 235, 53, 53, 0
000FA2  2  29 29 38 38  
000FA6  2  38 38 38 39  
000FBE  2  00 21 36 37      .byte 0, 33, 54, 55, 55, 34, 22, 42, 56, 56, 56, 49, 24, 24, 24, 24, 24, 24, 23, 23, 41, 55, 55, 55, 54, 54, 54, 235, 18, 17, 16, 0
000FC2  2  37 22 16 2A  
000FC6  2  38 38 38 31  
000FDE  2  00 13 2F 36      .byte 0, 19, 47, 54, 55, 34, 22, 23, 23, 35, 42, 49, 24, 24, 24, 23, 23, 23, 23, 22, 48, 55, 54, 54, 54, 54, 53, 18, 235, 17, 16, 0
000FE2  2  37 22 16 17  
000FE6  2  17 23 2A 31  
000FFE  2  00 00 2F 36      .byte 0, 0, 47, 54, 54, 41, 22, 22, 22, 23, 23, 41, 49, 34, 23, 23, 23, 22, 22, 41, 55, 54, 54, 54, 54, 53, 235, 18, 17, 16, 0, 0
001002  2  36 29 16 16  
001006  2  16 17 17 29  
00101E  2  00 00 12 36      .byte 0, 0, 18, 54, 54, 40, 21, 21, 22, 22, 22, 48, 55, 55, 55, 48, 34, 22, 21, 54, 54, 54, 54, 54, 53, 53, 18, 17, 17, 16, 0, 0
001022  2  36 28 15 15  
001026  2  16 16 16 30  
00103E  2  00 00 00 EB      .byte 0, 0, 0, 235, 54, 54, 20, 21, 21, 21, 21, 48, 55, 55, 55, 55, 55, 54, 40, 47, 54, 54, 54, 53, 53, 235, 17, 17, 16, 0, 0, 0
001042  2  36 36 14 15  
001046  2  15 15 15 30  
00105E  2  00 00 00 00      .byte 0, 0, 0, 0, 53, 47, 40, 20, 20, 20, 33, 54, 54, 54, 54, 54, 54, 40, 20, 33, 19, 235, 53, 53, 235, 17, 17, 16, 0, 0, 0, 0
001062  2  35 2F 28 14  
001066  2  14 14 21 36  
00107E  2  00 00 00 00      .byte 0, 0, 0, 0, 0, 18, 19, 47, 19, 20, 40, 54, 54, 54, 54, 54, 47, 19, 19, 19, 19, 18, 18, 53, 17, 16, 16, 0, 0, 0, 0, 0
001082  2  00 12 13 2F  
001086  2  13 14 28 36  
00109E  2  00 00 00 00      .byte 0, 0, 0, 0, 0, 0, 18, 235, 53, 235, 235, 54, 54, 54, 54, 53, 19, 19, 18, 18, 18, 235, 17, 16, 16, 16, 0, 0, 0, 0, 0, 0
0010A2  2  00 00 12 EB  
0010A6  2  35 EB EB 36  
0010BE  2  00 00 00 00      .byte 0, 0, 0, 0, 0, 0, 0, 17, 53, 53, 18, 18, 235, 235, 53, 18, 18, 18, 18, 17, 17, 16, 16, 16, 16, 0, 0, 0, 0, 0, 0, 0
0010C2  2  00 00 00 11  
0010C6  2  35 35 12 12  
0010DE  2  00 00 00 00      .byte 0, 0, 0, 0, 0, 0, 0, 0, 0, 53, 17, 235, 235, 235, 53, 17, 17, 17, 17, 16, 16, 16, 16, 0, 0, 0, 0, 0, 0, 0, 0, 0
0010E2  2  00 00 00 00  
0010E6  2  00 35 11 EB  
0010FE  2  00 00 00 00      .byte 0, 0, 0, 0, 0, 0, 0, 0, 0, 0, 0, 0, 16, 16, 17, 16, 16, 16, 16, 16, 0, 0, 0, 0, 0, 0, 0, 0, 0, 0, 0, 0
001102  2  00 00 00 00  
001106  2  00 00 00 00  
00111E  2               ; Frame 2
00111E  2  00 00 00 00      .byte 0, 0, 0, 0, 0, 0, 0, 0, 0, 0, 0, 0, 21, 22, 42, 56, 49, 23, 22, 20, 0, 0, 0, 0, 0, 0, 0, 0, 0, 0, 0, 0
001122  2  00 00 00 00  
001126  2  00 00 00 00  
00113E  2  00 00 00 00      .byte 0, 0, 0, 0, 0, 0, 0, 0, 0, 41, 23, 24, 24, 24, 42, 49, 35, 24, 23, 34, 48, 48, 33, 0, 0, 0, 0, 0, 0, 0, 0, 0
001142  2  00 00 00 00  
001146  2  00 29 17 18  
00115E  2  00 00 00 00      .byte 0, 0, 0, 0, 0, 0, 0, 41, 23, 24, 25, 25, 35, 56, 56, 56, 56, 49, 42, 49, 55, 55, 41, 21, 33, 0, 0, 0, 0, 0, 0, 0
001162  2  00 00 00 29  
001166  2  17 18 19 19  
00117E  2  00 00 00 00      .byte 0, 0, 0, 0, 0, 0, 42, 24, 25, 25, 25, 50, 57, 57, 57, 57, 57, 49, 24, 24, 35, 41, 34, 22, 21, 40, 0, 0, 0, 0, 0, 0
001182  2  00 00 2A 18  
001186  2  19 19 19 32  
00119E  2  00 00 00 00      .byte 0, 0, 0, 0, 0, 49, 49, 43, 36, 25, 50, 57, 57, 57, 57, 57, 57, 36, 25, 25, 24, 24, 23, 48, 34, 41, 40, 0, 0, 0, 0, 0
0011A2  2  00 31 31 2B  
0011A6  2  24 19 32 39  
0011BE  2  00 00 00 00      .byte 0, 0, 0, 0, 42, 56, 57, 57, 57, 36, 43, 58, 58, 58, 58, 57, 43, 26, 26, 25, 25, 24, 35, 55, 55, 48, 47, 40, 0, 0, 0, 0
0011C2  2  2A 38 39 39  
0011C6  2  39 24 2B 3A  
0011DE  2  00 00 00 23      .byte 0, 0, 0, 35, 56, 57, 57, 57, 36, 27, 28, 27, 44, 51, 58, 51, 27, 27, 26, 26, 25, 24, 42, 56, 55, 55, 47, 20, 19, 0, 0, 0
0011E2  2  38 39 39 39  
0011E6  2  24 1B 1C 1B  
0011FE  2  00 00 22 38      .byte 0, 0, 34, 56, 56, 57, 57, 51, 27, 28, 28, 29, 29, 29, 28, 51, 28, 27, 27, 26, 25, 25, 42, 56, 55, 55, 55, 229, 20, 235, 0, 0
001202  2  38 39 39 33  
001206  2  1B 1C 1C 1D  
00121E  2  00 00 29 38      .byte 0, 0, 41, 56, 57, 57, 57, 27, 28, 28, 29, 29, 30, 30, 37, 58, 58, 51, 44, 26, 26, 25, 42, 56, 55, 55, 55, 236, 20, 19, 0, 0
001222  2  39 39 39 1B  
001226  2  1C 1C 1D 1D  
00123E  2  00 22 38 38      .byte 0, 34, 56, 56, 57, 57, 44, 27, 28, 29, 29, 30, 30, 30, 52, 59, 58, 58, 58, 57, 50, 43, 49, 56, 56, 55, 55, 47, 20, 19, 235, 0
001242  2  39 39 2C 1B  
001246  2  1C 1D 1D 1E  
00125E  2  00 22 38 38      .byte 0, 34, 56, 56, 57, 50, 26, 28, 28, 29, 30, 31, 31, 30, 59, 59, 58, 58, 58, 57, 57, 50, 24, 42, 49, 55, 55, 47, 20, 19, 18, 0
001262  2  39 32 1A 1C  
001266  2  1C 1D 1E 1F  
00127E  2  00 17 23 2A      .byte 0, 23, 35, 42, 50, 43, 27, 28, 29, 29, 30, 31, 31, 45, 59, 59, 58, 58, 58, 58, 57, 50, 25, 24, 23, 22, 41, 40, 20, 19, 19, 0
001282  2  32 2B 1B 1C  
001286  2  1D 1D 1E 1F  
00129E  2  30 17 18 19      .byte 48, 23, 24, 25, 36, 51, 44, 27, 28, 29, 30, 31, 30, 59, 59, 59, 58, 58, 58, 58, 57, 35, 25, 24, 23, 22, 22, 21, 40, 40, 18, 17
0012A2  2  24 33 2C 1B  
0012A6  2  1C 1D 1E 1F  
0012BE  2  29 17 18 19      .byte 41, 23, 24, 25, 36, 57, 57, 51, 51, 27, 29, 30, 45, 59, 59, 59, 58, 58, 58, 57, 57, 35, 25, 24, 23, 22, 22, 21, 47, 54, 53, 235
0012C2  2  24 39 39 33  
0012C6  2  33 1B 1D 1E  
0012DE  2  29 17 18 18      .byte 41, 23, 24, 24, 35, 57, 57, 58, 58, 58, 51, 45, 52, 59, 59, 58, 58, 58, 58, 57, 50, 25, 24, 24, 23, 22, 21, 33, 54, 54, 53, 235
0012E2  2  23 39 39 3A  
0012E6  2  3A 3A 33 2D  
0012FE  2  29 17 17 18      .byte 41, 23, 23, 24, 49, 57, 57, 57, 58, 58, 58, 51, 29, 37, 44, 58, 58, 58, 57, 57, 50, 25, 24, 23, 23, 22, 21, 33, 54, 54, 53, 235
001302  2  31 39 39 39  
001306  2  3A 3A 3A 33  
00131E  2  29 16 17 18      .byte 41, 22, 23, 24, 49, 57, 57, 57, 57, 58, 58, 44, 28, 28, 28, 28, 37, 43, 57, 57, 35, 25, 24, 23, 22, 22, 21, 33, 54, 53, 53, 17
001322  2  31 39 39 39  
001326  2  39 3A 3A 2C  
00133E  2  29 16 17 17      .byte 41, 22, 23, 23, 49, 56, 57, 57, 57, 57, 58, 37, 28, 28, 27, 27, 27, 26, 25, 36, 35, 24, 23, 23, 22, 21, 21, 47, 54, 53, 53, 17
001342  2  31 38 39 39  
001346  2  39 39 3A 25  
00135E  2  21 16 16 17      .byte 33, 22, 22, 23, 49, 56, 56, 57, 57, 57, 50, 26, 27, 27, 27, 26, 26, 26, 25, 43, 56, 56, 41, 34, 22, 21, 20, 47, 54, 53, 53, 17
001362  2  31 38 38 39  
001366  2  39 39 32 1A  
00137E  2  28 30 22 29      .byte 40, 48, 34, 41, 56, 56, 56, 56, 57, 57, 50, 26, 26, 26, 26, 26, 25, 25, 25, 49, 56, 56, 55, 55, 48, 33, 40, 54, 53, 53, 53, 16
001382  2  38 38 38 38  
001386  2  39 39 32 1A  
00139E  2  00 36 37 30      .byte 0, 54, 55, 48, 34, 48, 56, 56, 56, 56, 35, 25, 25, 25, 25, 25, 25, 24, 35, 56, 56, 55, 55, 55, 54, 54, 47, 40, 235, 53, 53, 0
0013A2  2  22 30 38 38  
0013A6  2  38 38 23 19  
0013BE  2  00 36 36 37      .byte 0, 54, 54, 55, 34, 23, 22, 42, 56, 56, 23, 24, 24, 24, 24, 24, 24, 24, 49, 55, 55, 55, 55, 55, 54, 54, 19, 19, 18, 17, 16, 0
0013C2  2  22 17 16 2A  
0013C6  2  38 38 17 18  
0013DE  2  00 EB 36 36      .byte 0, 235, 54, 54, 34, 22, 22, 23, 23, 42, 42, 23, 24, 24, 24, 23, 23, 35, 55, 55, 55, 55, 54, 54, 54, 47, 19, 18, 235, 17, 16, 0
0013E2  2  22 16 16 17  
0013E6  2  17 2A 2A 17  
0013FE  2  00 00 36 36      .byte 0, 0, 54, 54, 40, 21, 22, 22, 22, 34, 55, 55, 49, 34, 23, 23, 23, 48, 55, 55, 55, 54, 54, 54, 54, 19, 18, 18, 17, 16, 0, 0
001402  2  28 15 16 16  
001406  2  16 22 37 37  
00141E  2  00 00 EB 36      .byte 0, 0, 235, 54, 47, 21, 21, 21, 22, 41, 55, 55, 55, 55, 55, 48, 34, 55, 55, 54, 54, 54, 54, 54, 18, 18, 18, 17, 17, 16, 0, 0
001422  2  2F 15 15 15  
001426  2  16 29 37 37  
00143E  2  00 00 00 EB      .byte 0, 0, 0, 235, 54, 33, 20, 21, 21, 41, 55, 55, 55, 55, 55, 55, 41, 21, 40, 47, 54, 54, 54, 235, 18, 18, 17, 17, 16, 0, 0, 0
001442  2  36 21 14 15  
001446  2  15 29 37 37  
00145E  2  00 00 00 00      .byte 0, 0, 0, 0, 235, 19, 20, 20, 20, 40, 54, 54, 54, 54, 54, 40, 20, 20, 20, 33, 19, 235, 235, 18, 18, 17, 17, 16, 0, 0, 0, 0
001462  2  EB 13 14 14  
001466  2  14 28 36 36  
00147E  2  00 00 00 00      .byte 0, 0, 0, 0, 0, 18, 235, 47, 19, 54, 54, 54, 54, 54, 54, 33, 20, 19, 19, 19, 19, 18, 53, 53, 17, 16, 16, 0, 0, 0, 0, 0
001482  2  00 12 EB 2F  
001486  2  13 36 36 36  
00149E  2  00 00 00 00      .byte 0, 0, 0, 0, 0, 0, 235, 53, 53, 18, 235, 54, 54, 54, 40, 19, 19, 19, 18, 18, 235, 53, 53, 16, 16, 16, 0, 0, 0, 0, 0, 0
0014A2  2  00 00 EB 35  
0014A6  2  35 12 EB 36  
0014BE  2  00 00 00 00      .byte 0, 0, 0, 0, 0, 0, 0, 17, 53, 235, 18, 18, 235, 235, 18, 18, 18, 18, 18, 17, 53, 16, 16, 16, 16, 0, 0, 0, 0, 0, 0, 0
0014C2  2  00 00 00 11  
0014C6  2  35 EB 12 12  
0014DE  2  00 00 00 00      .byte 0, 0, 0, 0, 0, 0, 0, 0, 0, 17, 17, 235, 235, 53, 53, 17, 17, 17, 16, 16, 16, 16, 16, 0, 0, 0, 0, 0, 0, 0, 0, 0
0014E2  2  00 00 00 00  
0014E6  2  00 11 11 EB  
0014FE  2  00 00 00 00      .byte 0, 0, 0, 0, 0, 0, 0, 0, 0, 0, 0, 0, 16, 16, 17, 16, 17, 16, 16, 16, 0, 0, 0, 0, 0, 0, 0, 0, 0, 0, 0, 0
001502  2  00 00 00 00  
001506  2  00 00 00 00  
00151E  2               ; Frame 3
00151E  2  00 00 00 00      .byte 0, 0, 0, 0, 0, 0, 0, 0, 0, 0, 0, 0, 21, 22, 56, 42, 41, 23, 22, 20, 0, 0, 0, 0, 0, 0, 0, 0, 0, 0, 0, 0
001522  2  00 00 00 00  
001526  2  00 00 00 00  
00153E  2  00 00 00 00      .byte 0, 0, 0, 0, 0, 0, 0, 0, 0, 22, 24, 24, 35, 49, 56, 49, 35, 24, 42, 48, 55, 48, 20, 0, 0, 0, 0, 0, 0, 0, 0, 0
001542  2  00 00 00 00  
001546  2  00 16 18 18  
00155E  2  00 00 00 00      .byte 0, 0, 0, 0, 0, 0, 0, 22, 24, 24, 24, 49, 56, 56, 56, 56, 49, 24, 35, 49, 55, 48, 22, 34, 40, 0, 0, 0, 0, 0, 0, 0
001562  2  00 00 00 16  
001566  2  18 18 18 31  
00157E  2  00 00 00 00      .byte 0, 0, 0, 0, 0, 0, 23, 24, 25, 35, 50, 57, 57, 57, 57, 50, 43, 25, 24, 24, 35, 42, 34, 22, 41, 40, 0, 0, 0, 0, 0, 0
001582  2  00 00 17 18  
001586  2  19 23 32 39  
00159E  2  00 00 00 00      .byte 0, 0, 0, 0, 0, 56, 49, 43, 36, 57, 57, 57, 57, 57, 57, 44, 26, 26, 25, 25, 24, 42, 55, 48, 34, 55, 40, 0, 0, 0, 0, 0
0015A2  2  00 38 31 2B  
0015A6  2  24 39 39 39  
0015BE  2  00 00 00 00      .byte 0, 0, 0, 0, 56, 56, 57, 43, 26, 36, 43, 58, 58, 58, 43, 27, 27, 26, 26, 25, 25, 49, 56, 55, 55, 48, 33, 40, 0, 0, 0, 0
0015C2  2  38 38 39 2B  
0015C6  2  1A 24 2B 3A  
0015DE  2  00 00 00 31      .byte 0, 0, 0, 49, 56, 57, 57, 26, 27, 27, 28, 27, 44, 51, 27, 28, 27, 27, 26, 26, 25, 49, 56, 56, 55, 48, 21, 20, 40, 0, 0, 0
0015E2  2  38 39 39 1A  
0015E6  2  1B 1B 1C 1B  
0015FE  2  00 00 29 38      .byte 0, 0, 41, 56, 56, 57, 36, 27, 27, 28, 28, 29, 29, 51, 58, 44, 28, 27, 27, 26, 36, 56, 56, 56, 55, 55, 21, 20, 33, 235, 0, 0
001602  2  38 39 24 1B  
001606  2  1B 1C 1C 1D  
00161E  2  00 00 38 38      .byte 0, 0, 56, 56, 57, 42, 26, 27, 28, 28, 29, 29, 45, 59, 58, 58, 58, 51, 44, 26, 36, 57, 56, 56, 55, 55, 48, 21, 20, 40, 0, 0
001622  2  39 2A 1A 1B  
001626  2  1C 1C 1D 1D  
00163E  2  00 30 38 38      .byte 0, 48, 56, 56, 50, 26, 27, 27, 28, 29, 29, 30, 52, 59, 59, 59, 58, 58, 58, 57, 43, 42, 49, 56, 56, 55, 48, 21, 20, 19, 235, 0
001642  2  32 1A 1B 1B  
001646  2  1C 1D 1D 1E  
00165E  2  00 29 38 38      .byte 0, 41, 56, 56, 42, 26, 27, 28, 28, 29, 30, 45, 59, 59, 59, 59, 58, 58, 58, 57, 36, 25, 24, 42, 49, 55, 48, 21, 20, 19, 235, 0
001662  2  2A 1A 1B 1C  
001666  2  1C 1D 1E 2D  
00167E  2  00 17 23 31      .byte 0, 23, 35, 49, 43, 26, 27, 28, 29, 29, 30, 52, 59, 59, 59, 59, 58, 58, 58, 51, 26, 26, 25, 24, 23, 22, 34, 20, 20, 19, 235, 0
001682  2  2B 1A 1B 1C  
001686  2  1D 1D 1E 34  
00169E  2  14 17 18 23      .byte 20, 23, 24, 35, 57, 50, 44, 27, 28, 29, 38, 59, 59, 59, 59, 59, 58, 58, 58, 36, 26, 26, 25, 24, 23, 22, 34, 54, 47, 40, 18, 17
0016A2  2  39 32 2C 1B  
0016A6  2  1C 1D 26 3B  
0016BE  2  16 17 18 2A      .byte 22, 23, 24, 42, 57, 57, 57, 51, 51, 27, 44, 59, 59, 59, 59, 59, 58, 58, 58, 37, 26, 25, 25, 24, 23, 22, 34, 54, 54, 54, 53, 235
0016C2  2  39 39 39 33  
0016C6  2  33 1B 2C 3B  
0016DE  2  16 17 18 31      .byte 22, 23, 24, 49, 57, 57, 57, 58, 58, 58, 37, 37, 52, 59, 59, 58, 58, 58, 51, 27, 26, 25, 24, 24, 23, 22, 41, 54, 54, 54, 53, 18
0016E2  2  39 39 39 3A  
0016E6  2  3A 3A 25 25  
0016FE  2  16 17 17 31      .byte 22, 23, 23, 49, 56, 57, 57, 57, 58, 44, 28, 29, 29, 37, 44, 58, 58, 58, 44, 26, 26, 25, 24, 23, 23, 22, 48, 54, 54, 54, 53, 18
001702  2  38 39 39 39  
001706  2  3A 2C 1C 1D  
00171E  2  16 16 23 38      .byte 22, 22, 35, 56, 56, 57, 57, 57, 57, 36, 28, 28, 28, 28, 28, 28, 37, 43, 26, 26, 25, 25, 24, 23, 22, 22, 48, 54, 54, 53, 53, 17
001722  2  38 39 39 39  
001726  2  39 24 1C 1C  
00173E  2  15 16 22 38      .byte 21, 22, 34, 56, 56, 56, 57, 57, 57, 26, 27, 27, 28, 28, 27, 27, 27, 44, 57, 43, 35, 24, 23, 23, 22, 41, 54, 54, 54, 53, 53, 17
001742  2  38 38 39 39  
001746  2  39 1A 1B 1B  
00175E  2  14 16 22 38      .byte 20, 22, 34, 56, 56, 56, 56, 57, 50, 26, 26, 27, 27, 27, 27, 26, 26, 43, 57, 56, 56, 56, 41, 34, 22, 41, 54, 54, 54, 53, 53, 17
001762  2  38 38 38 39  
001766  2  32 1A 1A 1B  
00177E  2  2F 30 29 30      .byte 47, 48, 41, 48, 56, 56, 56, 56, 42, 25, 26, 26, 26, 26, 26, 26, 36, 57, 56, 56, 56, 56, 55, 55, 48, 33, 47, 54, 53, 53, 17, 16
001782  2  38 38 38 38  
001786  2  2A 19 1A 1A  
00179E  2  00 36 37 22      .byte 0, 54, 55, 34, 34, 48, 56, 56, 42, 25, 25, 25, 25, 25, 25, 25, 42, 56, 56, 56, 56, 55, 55, 55, 40, 20, 33, 40, 235, 53, 17, 0
0017A2  2  22 30 38 38  
0017A6  2  2A 19 19 19  
0017BE  2  00 36 36 22      .byte 0, 54, 54, 34, 22, 23, 22, 42, 35, 24, 24, 24, 24, 24, 24, 24, 49, 56, 56, 55, 55, 55, 55, 55, 40, 20, 19, 19, 18, 17, 16, 0
0017C2  2  16 17 16 2A  
0017C6  2  23 18 18 18  
0017DE  2  00 2F 36 14      .byte 0, 47, 54, 20, 21, 22, 22, 23, 55, 49, 42, 23, 24, 24, 24, 42, 56, 56, 55, 55, 55, 55, 54, 54, 20, 19, 19, 18, 235, 17, 16, 0
0017E2  2  15 16 16 17  
0017E6  2  37 31 2A 17  
0017FE  2  00 00 36 2F      .byte 0, 0, 54, 47, 21, 21, 22, 22, 55, 55, 55, 55, 49, 34, 23, 41, 55, 55, 55, 55, 55, 54, 54, 33, 19, 19, 18, 18, 17, 16, 0, 0
001802  2  15 15 16 16  
001806  2  37 37 37 37  
00181E  2  00 00 EB 36      .byte 0, 0, 235, 54, 20, 21, 21, 21, 55, 55, 55, 55, 55, 55, 55, 34, 48, 55, 55, 54, 54, 54, 47, 19, 19, 18, 18, 17, 16, 16, 0, 0
001822  2  14 15 15 15  
001826  2  37 37 37 37  
00183E  2  00 00 00 36      .byte 0, 0, 0, 54, 40, 20, 20, 21, 54, 55, 55, 55, 55, 55, 41, 21, 21, 21, 40, 47, 54, 54, 19, 19, 18, 18, 17, 16, 16, 0, 0, 0
001842  2  28 14 14 15  
001846  2  36 37 37 37  
00185E  2  00 00 00 00      .byte 0, 0, 0, 0, 18, 19, 20, 20, 54, 54, 54, 54, 54, 54, 20, 20, 20, 20, 20, 33, 40, 235, 18, 18, 18, 17, 17, 16, 0, 0, 0, 0
001862  2  12 13 14 14  
001866  2  36 36 36 36  
00187E  2  00 00 00 00      .byte 0, 0, 0, 0, 0, 18, 235, 47, 54, 54, 54, 54, 54, 40, 20, 20, 20, 19, 19, 19, 235, 53, 53, 53, 17, 16, 16, 0, 0, 0, 0, 0
001882  2  00 12 EB 2F  
001886  2  36 36 36 36  
00189E  2  00 00 00 00      .byte 0, 0, 0, 0, 0, 0, 235, 53, 235, 18, 235, 54, 47, 19, 19, 19, 19, 19, 18, 235, 53, 53, 53, 16, 16, 16, 0, 0, 0, 0, 0, 0
0018A2  2  00 00 EB 35  
0018A6  2  EB 12 EB 36  
0018BE  2  00 00 00 00      .byte 0, 0, 0, 0, 0, 0, 0, 17, 53, 18, 18, 18, 235, 18, 18, 18, 18, 18, 53, 53, 53, 16, 16, 16, 16, 0, 0, 0, 0, 0, 0, 0
0018C2  2  00 00 00 11  
0018C6  2  35 12 12 12  
0018DE  2  00 00 00 00      .byte 0, 0, 0, 0, 0, 0, 0, 0, 0, 17, 17, 235, 53, 53, 53, 17, 17, 53, 16, 16, 16, 16, 16, 0, 0, 0, 0, 0, 0, 0, 0, 0
0018E2  2  00 00 00 00  
0018E6  2  00 11 11 EB  
0018FE  2  00 00 00 00      .byte 0, 0, 0, 0, 0, 0, 0, 0, 0, 0, 0, 0, 16, 16, 17, 17, 17, 16, 16, 16, 0, 0, 0, 0, 0, 0, 0, 0, 0, 0, 0, 0
001902  2  00 00 00 00  
001906  2  00 00 00 00  
00191E  2               ; Frame 4
00191E  2  00 00 00 00      .byte 0, 0, 0, 0, 0, 0, 0, 0, 0, 0, 0, 0, 21, 22, 42, 42, 23, 23, 22, 20, 0, 0, 0, 0, 0, 0, 0, 0, 0, 0, 0, 0
001922  2  00 00 00 00  
001926  2  00 00 00 00  
00193E  2  00 00 00 00      .byte 0, 0, 0, 0, 0, 0, 0, 0, 0, 22, 24, 35, 49, 56, 56, 49, 35, 42, 56, 55, 55, 34, 20, 0, 0, 0, 0, 0, 0, 0, 0, 0
001942  2  00 00 00 00  
001946  2  00 16 18 23  
00195E  2  00 00 00 00      .byte 0, 0, 0, 0, 0, 0, 0, 22, 24, 24, 49, 56, 56, 56, 56, 49, 24, 23, 35, 49, 48, 22, 22, 34, 33, 0, 0, 0, 0, 0, 0, 0
001962  2  00 00 00 16  
001966  2  18 18 31 38  
00197E  2  00 00 00 00      .byte 0, 0, 0, 0, 0, 0, 23, 24, 42, 50, 57, 57, 57, 57, 43, 25, 25, 25, 24, 24, 42, 42, 34, 22, 48, 47, 0, 0, 0, 0, 0, 0
001982  2  00 00 17 18  
001986  2  2A 32 39 39  
00199E  2  00 00 00 00      .byte 0, 0, 0, 0, 0, 56, 49, 35, 50, 57, 57, 57, 57, 43, 26, 26, 26, 26, 25, 24, 49, 56, 55, 48, 41, 48, 40, 0, 0, 0, 0, 0
0019A2  2  00 38 31 23  
0019A6  2  32 39 39 39  
0019BE  2  00 00 00 00      .byte 0, 0, 0, 0, 56, 56, 42, 26, 26, 36, 43, 58, 51, 26, 27, 27, 27, 26, 26, 35, 56, 56, 56, 55, 48, 34, 33, 33, 0, 0, 0, 0
0019C2  2  38 38 2A 1A  
0019C6  2  1A 24 2B 3A  
0019DE  2  00 00 00 31      .byte 0, 0, 0, 49, 56, 42, 26, 26, 27, 27, 28, 37, 51, 37, 27, 28, 27, 27, 26, 43, 57, 56, 56, 56, 55, 21, 21, 20, 40, 0, 0, 0
0019E2  2  38 2A 1A 1A  
0019E6  2  1B 1B 1C 25  
0019FE  2  00 00 31 38      .byte 0, 0, 49, 56, 49, 25, 26, 27, 27, 28, 28, 44, 58, 58, 58, 44, 28, 27, 27, 50, 57, 56, 56, 56, 55, 22, 21, 20, 40, 235, 0, 0
001A02  2  31 19 1A 1B  
001A06  2  1B 1C 1C 2C  
001A1E  2  00 00 38 38      .byte 0, 0, 56, 56, 35, 26, 26, 27, 28, 28, 37, 58, 59, 59, 58, 58, 58, 51, 44, 57, 57, 57, 56, 56, 55, 22, 21, 21, 33, 47, 0, 0
001A22  2  23 1A 1A 1B  
001A26  2  1C 1C 25 3A  
001A3E  2  00 30 38 31      .byte 0, 48, 56, 49, 25, 26, 27, 27, 28, 29, 51, 59, 59, 59, 59, 59, 58, 58, 44, 26, 36, 42, 49, 56, 56, 22, 22, 21, 20, 47, 235, 0
001A42  2  19 1A 1B 1B  
001A46  2  1C 1D 33 3B  
001A5E  2  00 29 38 23      .byte 0, 41, 56, 35, 25, 26, 27, 28, 28, 37, 59, 59, 59, 59, 59, 59, 58, 58, 27, 27, 26, 25, 24, 42, 49, 22, 22, 21, 20, 19, 53, 0
001A62  2  19 1A 1B 1C  
001A66  2  1C 25 3B 3B  
001A7E  2  00 17 2A 2B      .byte 0, 23, 42, 43, 36, 26, 27, 28, 29, 51, 59, 59, 59, 59, 59, 59, 58, 51, 28, 27, 26, 26, 25, 24, 23, 48, 41, 20, 20, 19, 53, 0
001A82  2  24 1A 1B 1C  
001A86  2  1D 33 3B 3B  
001A9E  2  14 17 2A 38      .byte 20, 23, 42, 56, 57, 50, 44, 27, 37, 58, 59, 59, 59, 59, 59, 59, 58, 37, 28, 27, 26, 26, 25, 24, 23, 55, 55, 54, 47, 40, 53, 17
001AA2  2  39 32 2C 1B  
001AA6  2  25 3A 3B 3B  
001ABE  2  16 17 38 38      .byte 22, 23, 56, 56, 57, 57, 57, 51, 44, 51, 59, 59, 59, 59, 59, 59, 58, 28, 28, 27, 26, 25, 25, 24, 23, 55, 55, 54, 54, 54, 19, 235
001AC2  2  39 39 39 33  
001AC6  2  2C 33 3B 3B  
001ADE  2  16 17 38 38      .byte 22, 23, 56, 56, 57, 57, 57, 58, 28, 29, 28, 37, 52, 59, 59, 58, 44, 28, 27, 27, 26, 25, 24, 24, 230, 55, 55, 54, 54, 54, 18, 18
001AE2  2  39 39 39 3A  
001AE6  2  1C 1D 1C 25  
001AFE  2  16 17 30 38      .byte 22, 23, 48, 56, 56, 57, 57, 51, 27, 28, 28, 29, 29, 37, 44, 58, 37, 27, 27, 26, 26, 25, 24, 23, 34, 55, 55, 54, 54, 54, 18, 18
001B02  2  38 39 39 33  
001B06  2  1B 1C 1C 1D  
001B1E  2  16 16 30 38      .byte 22, 22, 48, 56, 56, 57, 57, 43, 27, 27, 28, 28, 28, 28, 28, 37, 51, 44, 26, 26, 25, 25, 24, 23, 48, 55, 55, 54, 54, 53, 18, 17
001B22  2  38 39 39 2B  
001B26  2  1B 1B 1C 1C  
001B3E  2  15 22 37 38      .byte 21, 34, 55, 56, 56, 56, 57, 36, 26, 27, 27, 27, 28, 28, 27, 43, 57, 57, 57, 43, 35, 24, 23, 23, 55, 55, 54, 54, 54, 53, 18, 17
001B42  2  38 38 39 24  
001B46  2  1A 1B 1B 1B  
001B5E  2  14 16 30 38      .byte 20, 22, 48, 56, 56, 56, 56, 25, 26, 26, 26, 27, 27, 27, 26, 57, 57, 57, 57, 56, 56, 56, 41, 22, 55, 55, 54, 54, 54, 53, 18, 17
001B62  2  38 38 38 19  
001B66  2  1A 1A 1A 1B  
001B7E  2  2F 30 30 30      .byte 47, 48, 48, 48, 56, 56, 56, 25, 25, 25, 26, 26, 26, 26, 36, 57, 57, 57, 56, 56, 56, 56, 55, 34, 34, 47, 47, 54, 53, 235, 17, 16
001B82  2  38 38 38 19  
001B86  2  19 19 1A 1A  
001B9E  2  00 36 15 16      .byte 0, 54, 21, 22, 34, 48, 49, 24, 24, 25, 25, 25, 25, 25, 42, 56, 56, 56, 56, 56, 56, 55, 48, 22, 21, 20, 33, 40, 235, 235, 17, 0
001BA2  2  22 30 31 18  
001BA6  2  18 19 19 19  
001BBE  2  00 36 14 16      .byte 0, 54, 20, 22, 22, 23, 23, 49, 23, 24, 24, 24, 24, 24, 49, 56, 56, 56, 56, 55, 55, 55, 41, 21, 20, 20, 19, 19, 235, 53, 16, 0
001BC2  2  16 17 17 31  
001BC6  2  17 18 18 18  
001BDE  2  00 2F 2F 15      .byte 0, 47, 47, 21, 21, 22, 22, 55, 55, 49, 42, 23, 24, 35, 56, 56, 56, 56, 55, 55, 55, 48, 20, 20, 20, 19, 19, 18, 235, 16, 16, 0
001BE2  2  15 16 16 37  
001BE6  2  37 31 2A 17  
001BFE  2  00 00 2F 14      .byte 0, 0, 47, 20, 21, 21, 21, 55, 55, 55, 55, 55, 49, 41, 55, 55, 55, 55, 55, 55, 55, 33, 20, 20, 19, 19, 18, 235, 53, 16, 0, 0
001C02  2  15 15 15 37  
001C06  2  37 37 37 37  
001C1E  2  00 00 EB 28      .byte 0, 0, 235, 40, 20, 21, 21, 55, 55, 55, 55, 55, 48, 22, 22, 34, 48, 55, 55, 54, 47, 20, 20, 19, 19, 18, 18, 53, 16, 16, 0, 0
001C22  2  14 15 15 37  
001C26  2  37 37 37 37  
001C3E  2  00 00 00 EB      .byte 0, 0, 0, 235, 33, 20, 20, 54, 54, 55, 55, 55, 41, 21, 21, 21, 21, 21, 40, 40, 33, 20, 19, 19, 18, 18, 17, 16, 16, 0, 0, 0
001C42  2  21 14 14 36  
001C46  2  36 37 37 37  
001C5E  2  00 00 00 00      .byte 0, 0, 0, 0, 18, 40, 33, 47, 54, 54, 54, 54, 33, 21, 21, 20, 20, 20, 20, 40, 47, 18, 18, 18, 18, 17, 16, 16, 0, 0, 0, 0
001C62  2  12 28 21 2F  
001C66  2  36 36 36 36  
001C7E  2  00 00 00 00      .byte 0, 0, 0, 0, 0, 235, 235, 47, 54, 54, 54, 47, 20, 20, 20, 20, 20, 19, 40, 53, 53, 53, 53, 53, 17, 16, 16, 0, 0, 0, 0, 0
001C82  2  00 EB EB 2F  
001C86  2  36 36 36 2F  
001C9E  2  00 00 00 00      .byte 0, 0, 0, 0, 0, 0, 235, 53, 18, 18, 235, 40, 19, 19, 19, 19, 19, 18, 53, 53, 53, 53, 53, 17, 16, 16, 0, 0, 0, 0, 0, 0
001CA2  2  00 00 EB 35  
001CA6  2  12 12 EB 28  
001CBE  2  00 00 00 00      .byte 0, 0, 0, 0, 0, 0, 0, 17, 235, 18, 18, 235, 235, 18, 18, 18, 235, 53, 53, 53, 53, 16, 16, 16, 16, 0, 0, 0, 0, 0, 0, 0
001CC2  2  00 00 00 11  
001CC6  2  EB 12 12 EB  
001CDE  2  00 00 00 00      .byte 0, 0, 0, 0, 0, 0, 0, 0, 0, 17, 17, 53, 53, 53, 53, 17, 53, 53, 16, 16, 16, 16, 16, 0, 0, 0, 0, 0, 0, 0, 0, 0
001CE2  2  00 00 00 00  
001CE6  2  00 11 11 35  
001CFE  2  00 00 00 00      .byte 0, 0, 0, 0, 0, 0, 0, 0, 0, 0, 0, 0, 16, 17, 17, 17, 16, 16, 16, 16, 0, 0, 0, 0, 0, 0, 0, 0, 0, 0, 0, 0
001D02  2  00 00 00 00  
001D06  2  00 00 00 00  
001D1E  2               ; Frame 5
001D1E  2  00 00 00 00      .byte 0, 0, 0, 0, 0, 0, 0, 0, 0, 0, 0, 0, 20, 34, 23, 23, 23, 23, 41, 40, 0, 0, 0, 0, 0, 0, 0, 0, 0, 0, 0, 0
001D22  2  00 00 00 00  
001D26  2  00 00 00 00  
001D3E  2  00 00 00 00      .byte 0, 0, 0, 0, 0, 0, 0, 0, 0, 22, 42, 49, 56, 56, 56, 42, 35, 56, 56, 55, 41, 22, 33, 0, 0, 0, 0, 0, 0, 0, 0, 0
001D42  2  00 00 00 00  
001D46  2  00 16 2A 31  
001D5E  2  00 00 00 00      .byte 0, 0, 0, 0, 0, 0, 0, 22, 35, 49, 56, 56, 56, 49, 35, 24, 25, 23, 35, 42, 23, 22, 21, 48, 33, 0, 0, 0, 0, 0, 0, 0
001D62  2  00 00 00 16  
001D66  2  23 31 38 38  
001D7E  2  00 00 00 00      .byte 0, 0, 0, 0, 0, 0, 23, 42, 56, 57, 57, 57, 50, 25, 26, 25, 25, 25, 24, 49, 49, 42, 34, 41, 55, 33, 0, 0, 0, 0, 0, 0
001D82  2  00 00 17 2A  
001D86  2  38 39 39 39  
001D9E  2  00 00 00 00      .byte 0, 0, 0, 0, 0, 49, 35, 42, 50, 57, 57, 51, 26, 27, 26, 26, 26, 26, 35, 56, 56, 56, 55, 48, 48, 48, 33, 0, 0, 0, 0, 0
001DA2  2  00 31 23 2A  
001DA6  2  32 39 39 33  
001DBE  2  00 00 00 00      .byte 0, 0, 0, 0, 56, 42, 25, 26, 26, 36, 44, 37, 27, 27, 27, 27, 27, 26, 50, 57, 56, 56, 56, 55, 22, 21, 20, 33, 0, 0, 0, 0
001DC2  2  38 2A 19 1A  
001DC6  2  1A 24 2C 25  
001DDE  2  00 00 00 31      .byte 0, 0, 0, 49, 42, 25, 26, 26, 27, 27, 51, 58, 44, 37, 27, 28, 27, 36, 57, 57, 57, 56, 56, 56, 22, 22, 21, 40, 47, 0, 0, 0
001DE2  2  2A 19 1A 1A  
001DE6  2  1B 1B 33 3A  
001DFE  2  00 00 31 31      .byte 0, 0, 49, 49, 25, 25, 26, 27, 27, 51, 58, 58, 58, 58, 58, 44, 28, 51, 57, 57, 57, 56, 56, 56, 23, 22, 21, 20, 54, 235, 0, 0
001E02  2  19 19 1A 1B  
001E06  2  1B 33 3A 3A  
001E1E  2  00 00 38 23      .byte 0, 0, 56, 35, 25, 26, 26, 27, 37, 58, 58, 58, 59, 59, 58, 58, 51, 37, 43, 57, 57, 57, 56, 56, 23, 22, 21, 21, 47, 54, 0, 0
001E22  2  19 1A 1A 1B  
001E26  2  25 3A 3A 3A  
001E3E  2  00 30 31 18      .byte 0, 48, 49, 24, 25, 26, 27, 27, 51, 58, 58, 59, 59, 59, 59, 59, 37, 28, 28, 26, 36, 42, 49, 56, 23, 22, 22, 21, 33, 54, 235, 0
001E42  2  19 1A 1B 1B  
001E46  2  33 3A 3A 3B  
001E5E  2  00 29 23 19      .byte 0, 41, 35, 25, 25, 26, 27, 37, 58, 58, 59, 59, 59, 59, 59, 52, 29, 28, 28, 27, 26, 25, 24, 35, 42, 22, 22, 21, 33, 54, 53, 0
001E62  2  19 1A 1B 25  
001E66  2  3A 3A 3B 3B  
001E7E  2  00 23 31 23      .byte 0, 35, 49, 35, 36, 26, 27, 51, 58, 58, 59, 59, 59, 59, 59, 45, 29, 29, 28, 27, 26, 26, 25, 42, 56, 48, 41, 20, 229, 54, 53, 0
001E82  2  24 1A 1B 33  
001E86  2  3A 3A 3B 3B  
001E9E  2  14 2A 38 38      .byte 20, 42, 56, 56, 57, 50, 36, 51, 58, 58, 59, 59, 59, 59, 59, 29, 29, 29, 28, 27, 26, 26, 25, 42, 56, 55, 55, 54, 47, 47, 53, 17
001EA2  2  39 32 24 33  
001EA6  2  3A 3A 3B 3B  
001EBE  2  16 31 38 38      .byte 22, 49, 56, 56, 57, 57, 44, 28, 37, 51, 59, 59, 59, 59, 52, 30, 29, 28, 28, 27, 26, 25, 24, 49, 56, 55, 55, 54, 54, 40, 19, 235
001EC2  2  39 39 2C 1C  
001EC6  2  25 33 3B 3B  
001EDE  2  16 37 38 38      .byte 22, 55, 56, 56, 57, 57, 44, 27, 28, 29, 28, 37, 52, 59, 37, 29, 29, 28, 27, 27, 26, 25, 24, 56, 55, 55, 55, 54, 54, 40, 18, 18
001EE2  2  39 39 2C 1B  
001EE6  2  1C 1D 1C 25  
001EFE  2  16 37 38 38      .byte 22, 55, 56, 56, 56, 50, 26, 27, 27, 28, 28, 29, 29, 37, 44, 29, 28, 27, 27, 26, 26, 25, 35, 56, 55, 55, 55, 54, 54, 19, 18, 18
001F02  2  38 32 1A 1B  
001F06  2  1B 1C 1C 1D  
001F1E  2  16 37 38 38      .byte 22, 55, 56, 56, 56, 50, 26, 26, 27, 27, 28, 28, 28, 37, 58, 58, 51, 44, 26, 26, 25, 25, 42, 56, 55, 55, 55, 54, 47, 19, 18, 17
001F22  2  38 32 1A 1A  
001F26  2  1B 1B 1C 1C  
001F3E  2  15 37 37 38      .byte 21, 55, 55, 56, 56, 35, 25, 26, 26, 27, 27, 27, 28, 51, 58, 58, 57, 57, 57, 43, 35, 24, 49, 55, 55, 55, 54, 54, 47, 19, 18, 17
001F42  2  38 23 19 1A  
001F46  2  1A 1B 1B 1B  
001F5E  2  14 37 37 38      .byte 20, 55, 55, 56, 56, 35, 25, 25, 26, 26, 26, 27, 37, 57, 57, 57, 57, 57, 57, 56, 56, 42, 42, 41, 55, 55, 54, 54, 47, 18, 18, 17
001F62  2  38 23 19 19  
001F66  2  1A 1A 1A 1B  
001F7E  2  2F 22 30 30      .byte 47, 34, 48, 48, 56, 35, 24, 25, 25, 25, 26, 26, 35, 57, 57, 57, 57, 57, 56, 56, 56, 42, 23, 22, 34, 47, 47, 54, 18, 18, 17, 16
001F82  2  38 23 18 19  
001F86  2  19 19 1A 1A  
001F9E  2  00 EC 15 16      .byte 0, 236, 21, 22, 34, 42, 23, 24, 24, 25, 25, 25, 50, 57, 57, 56, 56, 56, 56, 56, 48, 22, 22, 22, 21, 20, 33, 40, 18, 235, 17, 0
001FA2  2  22 2A 17 18  
001FA6  2  18 19 19 19  
001FBE  2  00 28 15 16      .byte 0, 40, 21, 22, 22, 41, 48, 49, 23, 24, 24, 24, 49, 56, 56, 56, 56, 56, 56, 55, 34, 22, 22, 21, 20, 20, 19, 18, 53, 53, 16, 0
001FC2  2  16 29 30 31  
001FC6  2  17 18 18 18  
001FDE  2  00 2F 14 15      .byte 0, 47, 20, 21, 21, 48, 55, 55, 55, 49, 42, 35, 56, 56, 56, 56, 56, 56, 55, 48, 21, 21, 21, 20, 20, 19, 19, 53, 53, 16, 16, 0
001FE2  2  15 30 37 37  
001FE6  2  37 31 2A 23  
001FFE  2  00 00 28 14      .byte 0, 0, 40, 20, 21, 48, 55, 55, 55, 55, 55, 34, 34, 41, 55, 55, 55, 55, 55, 41, 21, 21, 20, 20, 19, 19, 235, 53, 53, 16, 0, 0
002002  2  15 30 37 37  
002006  2  37 37 37 22  
00201E  2  00 00 EB 21      .byte 0, 0, 235, 33, 20, 20, 54, 55, 55, 55, 55, 21, 22, 22, 22, 34, 48, 55, 48, 21, 21, 20, 20, 19, 19, 18, 53, 53, 16, 16, 0, 0
002022  2  14 14 36 37  
002026  2  37 37 37 15  
00203E  2  00 00 00 12      .byte 0, 0, 0, 18, 229, 33, 54, 54, 54, 55, 48, 21, 21, 21, 21, 21, 21, 21, 33, 33, 20, 20, 19, 19, 18, 235, 53, 16, 16, 0, 0, 0
002042  2  E5 21 36 36  
002046  2  36 37 30 15  
00205E  2  00 00 00 00      .byte 0, 0, 0, 0, 19, 40, 47, 54, 54, 54, 47, 21, 21, 21, 21, 20, 20, 40, 54, 54, 47, 18, 18, 18, 235, 53, 16, 16, 0, 0, 0, 0
002062  2  13 28 2F 36  
002066  2  36 36 2F 15  
00207E  2  00 00 00 00      .byte 0, 0, 0, 0, 0, 235, 53, 40, 54, 54, 47, 20, 20, 20, 20, 20, 33, 54, 54, 53, 53, 53, 53, 17, 53, 16, 16, 0, 0, 0, 0, 0
002082  2  00 EB 35 28  
002086  2  36 36 2F 14  
00209E  2  00 00 00 00      .byte 0, 0, 0, 0, 0, 0, 235, 235, 18, 18, 18, 19, 19, 19, 19, 19, 53, 53, 53, 53, 53, 53, 17, 17, 16, 16, 0, 0, 0, 0, 0, 0
0020A2  2  00 00 EB EB  
0020A6  2  12 12 12 13  
0020BE  2  00 00 00 00      .byte 0, 0, 0, 0, 0, 0, 0, 53, 18, 18, 53, 53, 235, 18, 18, 53, 53, 53, 53, 53, 53, 17, 17, 16, 16, 0, 0, 0, 0, 0, 0, 0
0020C2  2  00 00 00 35  
0020C6  2  12 12 35 35  
0020DE  2  00 00 00 00      .byte 0, 0, 0, 0, 0, 0, 0, 0, 0, 17, 53, 53, 53, 235, 235, 17, 53, 53, 16, 17, 16, 16, 16, 0, 0, 0, 0, 0, 0, 0, 0, 0
0020E2  2  00 00 00 00  
0020E6  2  00 11 35 35  
0020FE  2  00 00 00 00      .byte 0, 0, 0, 0, 0, 0, 0, 0, 0, 0, 0, 0, 16, 17, 17, 16, 16, 16, 16, 16, 0, 0, 0, 0, 0, 0, 0, 0, 0, 0, 0, 0
002102  2  00 00 00 00  
002106  2  00 00 00 00  
00211E  2               ; Frame 6
00211E  2  00 00 00 00      .byte 0, 0, 0, 0, 0, 0, 0, 0, 0, 0, 0, 0, 41, 34, 23, 23, 35, 34, 41, 40, 0, 0, 0, 0, 0, 0, 0, 0, 0, 0, 0, 0
002122  2  00 00 00 00  
002126  2  00 00 00 00  
00213E  2  00 00 00 00      .byte 0, 0, 0, 0, 0, 0, 0, 0, 0, 34, 42, 56, 56, 56, 42, 35, 42, 56, 56, 49, 22, 22, 33, 0, 0, 0, 0, 0, 0, 0, 0, 0
002142  2  00 00 00 00  
002146  2  00 22 2A 38  
00215E  2  00 00 00 00      .byte 0, 0, 0, 0, 0, 0, 0, 34, 42, 56, 56, 56, 42, 24, 25, 25, 25, 23, 42, 35, 23, 22, 41, 48, 33, 0, 0, 0, 0, 0, 0, 0
002162  2  00 00 00 22  
002166  2  2A 38 38 38  
00217E  2  00 00 00 00      .byte 0, 0, 0, 0, 0, 0, 35, 56, 56, 57, 57, 35, 25, 26, 26, 25, 25, 24, 56, 56, 49, 42, 48, 55, 55, 33, 0, 0, 0, 0, 0, 0
002182  2  00 00 23 38  
002186  2  38 39 39 23  
00219E  2  00 00 00 00      .byte 0, 0, 0, 0, 0, 35, 24, 42, 50, 57, 36, 26, 27, 27, 26, 26, 25, 50, 57, 56, 56, 56, 55, 34, 48, 40, 20, 0, 0, 0, 0, 0
0021A2  2  00 23 18 2A  
0021A6  2  32 39 24 1A  
0021BE  2  00 00 00 00      .byte 0, 0, 0, 0, 42, 25, 25, 26, 26, 50, 43, 26, 27, 27, 27, 27, 43, 57, 57, 57, 56, 56, 41, 23, 22, 21, 33, 33, 0, 0, 0, 0
0021C2  2  2A 19 19 1A  
0021C6  2  1A 32 2B 1A  
0021DE  2  00 00 00 29      .byte 0, 0, 0, 41, 24, 25, 26, 26, 50, 58, 58, 58, 44, 37, 27, 37, 58, 57, 57, 57, 57, 56, 42, 23, 22, 22, 33, 54, 47, 0, 0, 0
0021E2  2  18 19 1A 1A  
0021E6  2  32 3A 3A 3A  
0021FE  2  00 00 29 17      .byte 0, 0, 41, 23, 25, 25, 26, 36, 58, 58, 58, 58, 58, 58, 58, 37, 58, 58, 57, 57, 57, 56, 42, 23, 23, 22, 21, 47, 54, 18, 0, 0
002202  2  19 19 1A 24  
002206  2  3A 3A 3A 3A  
00221E  2  00 00 2A 18      .byte 0, 0, 42, 24, 25, 26, 26, 51, 58, 58, 58, 58, 59, 59, 51, 29, 28, 37, 43, 57, 57, 57, 42, 24, 23, 22, 21, 40, 54, 54, 0, 0
002222  2  19 1A 1A 33  
002226  2  3A 3A 3A 3A  
00223E  2  00 29 17 19      .byte 0, 41, 23, 25, 25, 26, 43, 58, 58, 58, 58, 59, 59, 59, 38, 30, 29, 28, 28, 26, 36, 42, 35, 24, 23, 22, 22, 229, 54, 54, 235, 0
002242  2  19 1A 2B 3A  
002246  2  3A 3A 3A 3B  
00225E  2  00 29 18 19      .byte 0, 41, 24, 25, 25, 25, 57, 58, 58, 58, 59, 59, 59, 52, 31, 30, 29, 28, 28, 27, 26, 36, 49, 42, 42, 22, 22, 20, 54, 54, 235, 0
002262  2  19 19 39 3A  
002266  2  3A 3A 3B 3B  
00227E  2  00 30 31 23      .byte 0, 48, 49, 35, 36, 43, 57, 58, 58, 58, 59, 59, 59, 38, 31, 30, 29, 29, 28, 27, 26, 36, 56, 56, 56, 48, 41, 33, 54, 54, 53, 0
002282  2  24 2B 39 3A  
002286  2  3A 3A 3B 3B  
00229E  2  21 38 38 38      .byte 33, 56, 56, 56, 57, 44, 43, 51, 58, 58, 59, 59, 52, 30, 31, 30, 29, 29, 28, 27, 26, 43, 56, 56, 56, 55, 55, 54, 40, 47, 249, 17
0022A2  2  39 2C 2B 33  
0022A6  2  3A 3A 3B 3B  
0022BE  2  29 38 38 38      .byte 41, 56, 56, 56, 50, 26, 27, 28, 37, 51, 59, 59, 45, 31, 30, 30, 29, 28, 28, 27, 26, 50, 56, 56, 56, 55, 55, 47, 20, 19, 19, 235
0022C2  2  32 1A 1B 1C  
0022C6  2  25 33 3B 3B  
0022DE  2  29 37 38 38      .byte 41, 55, 56, 56, 50, 26, 27, 27, 28, 29, 28, 45, 38, 30, 30, 29, 29, 28, 27, 27, 36, 57, 56, 56, 55, 55, 55, 47, 20, 19, 18, 235
0022E2  2  32 1A 1B 1B  
0022E6  2  1C 1D 1C 2D  
0022FE  2  29 37 38 38      .byte 41, 55, 56, 56, 35, 26, 26, 27, 27, 28, 28, 37, 58, 51, 44, 29, 28, 27, 27, 26, 36, 56, 56, 56, 55, 55, 55, 47, 20, 19, 18, 235
002302  2  23 1A 1A 1B  
002306  2  1B 1C 1C 25  
00231E  2  29 37 38 38      .byte 41, 55, 56, 56, 35, 25, 26, 26, 27, 27, 28, 44, 58, 58, 58, 58, 51, 44, 26, 26, 50, 56, 56, 56, 55, 55, 55, 47, 20, 19, 18, 17
002322  2  23 19 1A 1A  
002326  2  1B 1B 1C 2C  
00233E  2  29 37 37 38      .byte 41, 55, 55, 56, 35, 25, 25, 26, 26, 27, 27, 51, 58, 58, 58, 58, 57, 57, 57, 43, 49, 56, 56, 55, 55, 55, 54, 33, 19, 19, 18, 17
002342  2  23 19 19 1A  
002346  2  1A 1B 1B 33  
00235E  2  28 37 37 31      .byte 40, 55, 55, 49, 23, 24, 25, 25, 26, 26, 36, 57, 57, 57, 57, 57, 57, 57, 57, 42, 24, 35, 42, 41, 55, 55, 54, 33, 19, 18, 18, 17
002362  2  17 18 19 19  
002366  2  1A 1A 24 39  
00237E  2  28 22 30 29      .byte 40, 34, 48, 41, 23, 24, 24, 25, 25, 25, 35, 57, 57, 57, 57, 57, 57, 57, 56, 23, 24, 23, 23, 22, 34, 47, 40, 19, 19, 18, 17, 16
002382  2  17 18 18 19  
002386  2  19 19 23 39  
00239E  2  00 15 15 16      .byte 0, 21, 21, 22, 34, 35, 23, 24, 24, 25, 49, 57, 57, 57, 57, 56, 56, 56, 49, 24, 23, 23, 22, 22, 21, 20, 40, 235, 18, 235, 17, 0
0023A2  2  22 23 17 18  
0023A6  2  18 19 31 39  
0023BE  2  00 14 15 16      .byte 0, 20, 21, 22, 48, 55, 48, 49, 23, 24, 49, 56, 56, 56, 56, 56, 56, 56, 35, 23, 23, 22, 22, 21, 20, 20, 54, 53, 53, 53, 16, 0
0023C2  2  30 37 30 31  
0023C6  2  17 18 31 38  
0023DE  2  00 12 14 15      .byte 0, 18, 20, 21, 48, 55, 55, 55, 55, 42, 42, 49, 56, 56, 56, 56, 56, 49, 22, 22, 22, 21, 21, 20, 20, 40, 53, 53, 53, 16, 16, 0
0023E2  2  30 37 37 37  
0023E6  2  37 2A 2A 31  
0023FE  2  00 00 21 14      .byte 0, 0, 33, 20, 33, 55, 55, 55, 55, 41, 23, 23, 34, 41, 55, 55, 55, 34, 22, 22, 21, 21, 20, 20, 19, 53, 53, 53, 53, 16, 0, 0
002402  2  21 37 37 37  
002406  2  37 29 17 17  
00241E  2  00 00 EB 14      .byte 0, 0, 235, 20, 33, 54, 54, 55, 55, 41, 22, 22, 22, 22, 22, 34, 48, 21, 21, 21, 21, 20, 20, 19, 235, 53, 53, 53, 16, 16, 0, 0
002422  2  21 36 36 37  
002426  2  37 29 16 16  
00243E  2  00 00 00 12      .byte 0, 0, 0, 18, 33, 54, 54, 54, 54, 40, 21, 21, 21, 21, 21, 21, 40, 54, 40, 33, 20, 20, 19, 18, 53, 53, 53, 16, 16, 0, 0, 0
002442  2  21 36 36 36  
002446  2  36 28 15 15  
00245E  2  00 00 00 00      .byte 0, 0, 0, 0, 18, 47, 54, 54, 54, 20, 20, 21, 21, 21, 21, 40, 54, 54, 54, 54, 47, 18, 18, 53, 53, 53, 16, 16, 0, 0, 0, 0
002462  2  12 2F 36 36  
002466  2  36 14 14 15  
00247E  2  00 00 00 00      .byte 0, 0, 0, 0, 0, 53, 18, 40, 54, 33, 20, 20, 20, 20, 20, 54, 54, 54, 54, 53, 53, 249, 18, 17, 53, 16, 16, 0, 0, 0, 0, 0
002482  2  00 35 12 28  
002486  2  36 21 14 14  
00249E  2  00 00 00 00      .byte 0, 0, 0, 0, 0, 0, 235, 18, 18, 18, 18, 19, 19, 19, 235, 53, 53, 53, 53, 53, 53, 235, 17, 17, 16, 16, 0, 0, 0, 0, 0, 0
0024A2  2  00 00 EB 12  
0024A6  2  12 12 12 13  
0024BE  2  00 00 00 00      .byte 0, 0, 0, 0, 0, 0, 0, 17, 18, 235, 53, 53, 235, 235, 53, 53, 53, 53, 53, 17, 17, 17, 16, 16, 16, 0, 0, 0, 0, 0, 0, 0
0024C2  2  00 00 00 11  
0024C6  2  12 EB 35 35  
0024DE  2  00 00 00 00      .byte 0, 0, 0, 0, 0, 0, 0, 0, 0, 17, 53, 53, 235, 18, 235, 17, 53, 53, 17, 17, 16, 16, 16, 0, 0, 0, 0, 0, 0, 0, 0, 0
0024E2  2  00 00 00 00  
0024E6  2  00 11 35 35  
0024FE  2  00 00 00 00      .byte 0, 0, 0, 0, 0, 0, 0, 0, 0, 0, 0, 0, 16, 17, 16, 16, 16, 16, 16, 16, 0, 0, 0, 0, 0, 0, 0, 0, 0, 0, 0, 0
002502  2  00 00 00 00  
002506  2  00 00 00 00  
00251E  2               ; Frame 7
00251E  2  00 00 00 00      .byte 0, 0, 0, 0, 0, 0, 0, 0, 0, 0, 0, 0, 41, 34, 23, 42, 42, 34, 41, 40, 0, 0, 0, 0, 0, 0, 0, 0, 0, 0, 0, 0
002522  2  00 00 00 00  
002526  2  00 00 00 00  
00253E  2  00 00 00 00      .byte 0, 0, 0, 0, 0, 0, 0, 0, 0, 41, 56, 56, 49, 35, 24, 35, 42, 56, 42, 22, 22, 21, 40, 0, 0, 0, 0, 0, 0, 0, 0, 0
002542  2  00 00 00 00  
002546  2  00 29 38 38  
00255E  2  00 00 00 00      .byte 0, 0, 0, 0, 0, 0, 0, 34, 56, 56, 56, 35, 25, 25, 25, 25, 24, 49, 42, 35, 23, 22, 55, 40, 19, 0, 0, 0, 0, 0, 0, 0
002562  2  00 00 00 22  
002566  2  38 38 38 23  
00257E  2  00 00 00 00      .byte 0, 0, 0, 0, 0, 0, 42, 56, 56, 42, 36, 26, 26, 26, 26, 25, 42, 56, 56, 56, 49, 41, 48, 55, 41, 20, 0, 0, 0, 0, 0, 0
002582  2  00 00 2A 38  
002586  2  38 2A 24 1A  
00259E  2  00 00 00 00      .byte 0, 0, 0, 0, 0, 24, 24, 42, 50, 26, 26, 26, 27, 27, 26, 43, 57, 57, 57, 56, 56, 42, 23, 34, 48, 21, 33, 0, 0, 0, 0, 0
0025A2  2  00 18 18 2A  
0025A6  2  32 1A 1A 1A  
0025BE  2  00 00 00 00      .byte 0, 0, 0, 0, 24, 25, 25, 43, 57, 51, 43, 26, 27, 27, 44, 57, 57, 57, 57, 57, 56, 35, 23, 23, 22, 34, 40, 40, 0, 0, 0, 0
0025C2  2  18 19 19 2B  
0025C6  2  39 33 2B 1A  
0025DE  2  00 00 00 17      .byte 0, 0, 0, 23, 24, 25, 25, 57, 57, 58, 58, 58, 44, 37, 51, 58, 58, 57, 57, 57, 57, 35, 24, 23, 22, 22, 47, 54, 40, 0, 0, 0
0025E2  2  18 19 19 39  
0025E6  2  39 3A 3A 3A  
0025FE  2  00 00 15 18      .byte 0, 0, 21, 24, 25, 25, 50, 57, 58, 58, 58, 58, 58, 37, 28, 44, 58, 58, 57, 57, 50, 25, 24, 23, 23, 22, 48, 54, 47, 18, 0, 0
002602  2  19 19 32 39  
002606  2  3A 3A 3A 3A  
00261E  2  00 00 17 18      .byte 0, 0, 23, 24, 25, 43, 57, 58, 58, 58, 58, 58, 44, 30, 29, 29, 28, 37, 43, 57, 50, 25, 24, 24, 23, 22, 34, 54, 54, 235, 0, 0
002622  2  19 2B 39 3A  
002626  2  3A 3A 3A 3A  
00263E  2  00 15 18 19      .byte 0, 21, 24, 25, 25, 50, 57, 58, 58, 58, 58, 59, 38, 30, 30, 30, 29, 28, 28, 26, 36, 43, 24, 24, 23, 22, 34, 54, 54, 54, 18, 0
002642  2  19 32 39 3A  
002646  2  3A 3A 3A 3B  
00265E  2  00 16 18 19      .byte 0, 22, 24, 25, 43, 57, 57, 58, 58, 58, 59, 45, 31, 31, 31, 30, 29, 28, 28, 26, 50, 57, 56, 42, 42, 22, 34, 54, 54, 54, 18, 0
002662  2  2B 39 39 3A  
002666  2  3A 3A 3B 2D  
00267E  2  00 38 31 23      .byte 0, 56, 49, 35, 42, 57, 57, 58, 58, 58, 59, 38, 31, 31, 31, 30, 29, 29, 28, 36, 57, 57, 56, 56, 56, 48, 48, 47, 54, 54, 18, 0
002682  2  2A 39 39 3A  
002686  2  3A 3A 3B 26  
00269E  2  28 38 38 31      .byte 40, 56, 56, 49, 25, 36, 43, 51, 58, 58, 52, 30, 31, 31, 31, 30, 29, 29, 28, 51, 57, 57, 56, 56, 56, 55, 48, 21, 33, 47, 235, 17
0026A2  2  19 24 2B 33  
0026A6  2  3A 3A 34 1E  
0026BE  2  29 38 38 23      .byte 41, 56, 56, 35, 25, 26, 27, 28, 37, 51, 37, 30, 31, 31, 30, 30, 29, 28, 28, 50, 57, 57, 56, 56, 56, 55, 48, 21, 20, 19, 18, 53
0026C2  2  19 1A 1B 1C  
0026C6  2  25 33 25 1E  
0026DE  2  37 37 38 23      .byte 55, 55, 56, 35, 25, 26, 27, 27, 28, 28, 51, 44, 38, 30, 30, 29, 29, 28, 37, 57, 57, 57, 56, 56, 55, 55, 40, 21, 20, 19, 18, 53
0026E2  2  19 1A 1B 1B  
0026E6  2  1C 1C 33 2C  
0026FE  2  37 37 38 23      .byte 55, 55, 56, 35, 25, 26, 26, 27, 27, 44, 58, 58, 58, 51, 44, 29, 28, 27, 43, 57, 57, 56, 56, 56, 55, 55, 21, 21, 20, 19, 18, 53
002702  2  19 1A 1A 1B  
002706  2  1B 2C 3A 3A  
00271E  2  37 37 31 18      .byte 55, 55, 49, 24, 24, 25, 26, 26, 27, 51, 58, 58, 58, 58, 58, 58, 51, 44, 57, 57, 57, 56, 56, 56, 55, 55, 21, 20, 20, 19, 18, 53
002722  2  18 19 1A 1A  
002726  2  1B 33 3A 3A  
00273E  2  37 37 31 17      .byte 55, 55, 49, 23, 24, 25, 25, 26, 26, 57, 58, 58, 58, 58, 58, 58, 57, 43, 25, 36, 49, 56, 56, 55, 55, 40, 21, 20, 19, 19, 18, 53
002742  2  18 19 19 1A  
002746  2  1A 39 3A 3A  
00275E  2  28 37 29 17      .byte 40, 55, 41, 23, 24, 24, 25, 25, 36, 57, 57, 57, 57, 57, 57, 57, 57, 43, 25, 25, 24, 35, 42, 41, 55, 40, 20, 20, 19, 18, 235, 16
002762  2  18 18 19 19  
002766  2  24 39 39 39  
00277E  2  12 22 29 16      .byte 18, 34, 41, 22, 23, 24, 24, 25, 43, 57, 57, 57, 57, 57, 57, 57, 50, 25, 25, 24, 24, 23, 23, 22, 34, 33, 33, 19, 19, 18, 17, 16
002782  2  17 18 18 19  
002786  2  2B 39 39 39  
00279E  2  00 15 15 30      .byte 0, 21, 21, 48, 41, 35, 23, 24, 42, 56, 56, 57, 57, 57, 57, 56, 42, 24, 24, 24, 23, 23, 22, 22, 21, 54, 54, 235, 18, 235, 17, 0
0027A2  2  29 23 17 18  
0027A6  2  2A 38 38 39  
0027BE  2  00 14 15 30      .byte 0, 20, 21, 48, 55, 55, 48, 49, 49, 56, 56, 56, 56, 56, 56, 56, 35, 24, 23, 23, 23, 22, 22, 21, 40, 54, 54, 53, 53, 53, 16, 0
0027C2  2  37 37 30 31  
0027C6  2  31 38 38 38  
0027DE  2  00 13 14 2F      .byte 0, 19, 20, 47, 55, 55, 55, 55, 23, 35, 42, 49, 56, 56, 56, 49, 23, 23, 23, 22, 22, 21, 21, 20, 54, 54, 53, 53, 53, 17, 16, 0
0027E2  2  37 37 37 37  
0027E6  2  17 23 2A 31  
0027FE  2  00 00 14 21      .byte 0, 0, 20, 33, 54, 55, 55, 55, 22, 23, 23, 23, 34, 41, 55, 22, 23, 22, 22, 22, 21, 21, 20, 47, 54, 53, 53, 53, 53, 16, 0, 0
002802  2  36 37 37 37  
002806  2  16 17 17 17  
00281E  2  00 00 12 21      .byte 0, 0, 18, 33, 54, 54, 54, 55, 22, 22, 22, 22, 22, 22, 22, 48, 34, 22, 21, 21, 21, 20, 33, 54, 53, 53, 53, 53, 16, 16, 0, 0
002822  2  36 36 36 37  
002826  2  16 16 16 16  
00283E  2  00 00 00 13      .byte 0, 0, 0, 19, 40, 54, 54, 54, 21, 21, 21, 21, 21, 21, 41, 55, 55, 54, 40, 33, 20, 33, 47, 53, 53, 53, 53, 16, 16, 0, 0, 0
002842  2  28 36 36 36  
002846  2  15 15 15 15  
00285E  2  00 00 00 00      .byte 0, 0, 0, 0, 235, 47, 54, 54, 20, 20, 20, 21, 21, 20, 54, 54, 54, 54, 54, 54, 47, 18, 53, 53, 53, 53, 16, 16, 0, 0, 0, 0
002862  2  EB 2F 36 36  
002866  2  14 14 14 15  
00287E  2  00 00 00 00      .byte 0, 0, 0, 0, 0, 235, 18, 40, 19, 20, 20, 20, 20, 40, 54, 54, 54, 54, 54, 53, 18, 18, 18, 17, 53, 16, 16, 0, 0, 0, 0, 0
002882  2  00 EB 12 28  
002886  2  13 14 14 14  
00289E  2  00 00 00 00      .byte 0, 0, 0, 0, 0, 0, 235, 18, 18, 235, 18, 19, 40, 54, 54, 53, 53, 53, 53, 235, 18, 18, 17, 17, 16, 16, 0, 0, 0, 0, 0, 0
0028A2  2  00 00 EB 12  
0028A6  2  12 EB 12 13  
0028BE  2  00 00 00 00      .byte 0, 0, 0, 0, 0, 0, 0, 17, 235, 53, 53, 53, 235, 235, 53, 53, 53, 53, 235, 17, 17, 17, 16, 16, 16, 0, 0, 0, 0, 0, 0, 0
0028C2  2  00 00 00 11  
0028C6  2  EB 35 35 35  
0028DE  2  00 00 00 00      .byte 0, 0, 0, 0, 0, 0, 0, 0, 0, 17, 53, 235, 18, 18, 235, 17, 53, 17, 17, 17, 16, 16, 16, 0, 0, 0, 0, 0, 0, 0, 0, 0
0028E2  2  00 00 00 00  
0028E6  2  00 11 35 EB  
0028FE  2  00 00 00 00      .byte 0, 0, 0, 0, 0, 0, 0, 0, 0, 0, 0, 0, 16, 17, 16, 16, 16, 16, 16, 16, 0, 0, 0, 0, 0, 0, 0, 0, 0, 0, 0, 0
002902  2  00 00 00 00  
002906  2  00 00 00 00  
00291E  2               
00291E  1               .include "petsciiCodes.inc"
00291E  2               ; PETSCII Codes
00291E  2               COLOUR_WHITE      = $05
00291E  2               RETURN            = $0D
00291E  2               SPACE             = $20
00291E  2               CHAR_ZERO         = $30
00291E  2               CHAR_SIX          = $36
00291E  2               CHAR_NINE         = $39
00291E  2               CHAR_C            = $43
00291E  2               CHAR_I            = $49
00291E  2               CHAR_O            = $4F
00291E  2               CHAR_T            = $54
00291E  2               CTRL_CLR          = $93
00291E  2               
00291E  2               ; Screen Codes
00291E  2               CTRL_REVERSE      = $80
00291E  2               
00291E  1               .include "vera.inc"
00291E  2               ; VERA constants
00291E  2               VERA_ADDRx_L      = $9F20
00291E  2               VERA_ADDRx_M      = $9F21
00291E  2               VERA_ADDRx_H      = $9F22
00291E  2               VERA_DATA0        = $9F23
00291E  2               VERA_DATA1        = $9F24
00291E  2               VERA_CTRL         = $9F25
00291E  2               VERA_IEN          = $9F26
00291E  2               VERA_ISR          = $9F27
00291E  2               VERA_IRQLINE_L    = $9F28
00291E  2               VERA_DC_VIDEO     = $9F29
00291E  2               VERA_DC_HSCALE    = $9F2A
00291E  2               VERA_DC_VSCALE    = $9F2B
00291E  2               VERA_DC_BORDER    = $9F2C
00291E  2               VERA_DC_HSTART    = $9F29
00291E  2               VERA_DC_HSTOP     = $9F2A
00291E  2               VERA_DC_VSTART    = $9F2B
00291E  2               VERA_DC_VSTOP     = $9F2C
00291E  2               VERA_L0_CONFIG    = $9F2D
00291E  2               VERA_L0_MAPBASE   = $9F2E
00291E  2               VERA_L0_TILEBASE  = $9F2F
00291E  2               VERA_L0_HSCROLL_L = $9F30
00291E  2               VERA_L0_HSCROLL_H = $9F31
00291E  2               VERA_L0_VSCROLL_L = $9F32
00291E  2               VERA_L0_VSCROLL_H = $9F33
00291E  2               VERA_L1_CONFIG    = $9F34
00291E  2               VERA_L1_MAPBASE   = $9F35
00291E  2               VERA_L1_TILEBASE  = $9F36
00291E  2               VERA_L1_HSCROLL_L = $9F37
00291E  2               VERA_L1_HSCROLL_H = $9F38
00291E  2               VERA_L1_VSCROLL_L = $9F39
00291E  2               VERA_L1_VSCROLL_H = $9F3A
00291E  2               VERA_AUDIO_CTRL   = $9F3B
00291E  2               VERA_AUDIO_RATE   = $9F3C
00291E  2               VERA_AUDIO_DATA   = $9F3D
00291E  2               VERA_SPI_DATA     = $9F3E
00291E  2               VERA_SPI_CTRL     = $9F3F
00291E  2               
00291E  2               ; VERA helpers
00291E  2               MASK_VERA_SPRITE = %01000000
00291E  2               
00291E  1               
00291E  1               
00291E  1               ; ----------
00291E  1               ; start program
00291E  1               ; ----------
00291E  1               start:
00291E  1  20 24 29         jsr initVariables
002921  1  4C 89 29         jmp main
002924  1               
002924  1               
002924  1               ; ----------
002924  1               ; initialize zero page variables for game
002924  1               ; ----------
002924  1               ; uses = A
002924  1               ; ----------
002924  1               initVariables:
002924  1                   ; set start background color to 0
002924  1  A9 00            lda #0
002926  1  85 25            sta GAME_BACKGROUND
002928  1                   ; re-start the clock
002928  1  20 DB FF         jsr KERNAL_SETTIM
00292B  1                   ; setup our timing
00292B  1  20 DE FF         jsr KERNAL_RDTIM ; Call kernal function to get time
00292E  1  85 24            sta GAME_TIMER ; store in our variable
002930  1                   ; clear screen and set text to white
002930  1  A9 93            lda #CTRL_CLR
002932  1  20 D2 FF         jsr KERNAL_CHROUT
002935  1  A9 05            lda #COLOUR_WHITE
002937  1  20 D2 FF         jsr KERNAL_CHROUT
00293A  1                   ; load sprite
00293A  1                   ; Define Sprite
00293A  1  9C 25 9F         stz VERA_CTRL
00293D  1  A9 10            lda #$10
00293F  1  8D 22 9F         sta VERA_ADDRx_H
002942  1  A9 40            lda #$40
002944  1  8D 21 9F         sta VERA_ADDRx_M
002947  1  9C 20 9F         stz VERA_ADDRx_L
00294A  1  A0 00            ldy #0
00294C  1               readSprite:
00294C  1  B9 1E 09         lda data,Y
00294F  1  8D 23 9F         sta VERA_DATA0
002952  1  C8               iny
002953  1  D0 F7            bne readSprite
002955  1                   ; Initiate Sprite
002955  1  AD 29 9F         lda $9F29
002958  1  09 40            ora #%01000000
00295A  1  8D 29 9F         sta $9F29
00295D  1               
00295D  1  A9 11            lda #$11
00295F  1  8D 22 9F         sta VERA_ADDRx_H
002962  1  A9 FC            lda #$FC
002964  1  8D 21 9F         sta VERA_ADDRx_M
002967  1  9C 20 9F         stz VERA_ADDRx_L
00296A  1               
00296A  1  9C 23 9F         stz VERA_DATA0
00296D  1  A9 82            lda #$82
00296F  1  8D 23 9F         sta VERA_DATA0
002972  1  9C 23 9F         stz VERA_DATA0
002975  1  9C 23 9F         stz VERA_DATA0
002978  1  9C 23 9F         stz VERA_DATA0
00297B  1  9C 23 9F         stz VERA_DATA0
00297E  1  A9 0C            lda #%00001100
002980  1  8D 23 9F         sta VERA_DATA0
002983  1  A9 50            lda #%01010000
002985  1  8D 23 9F         sta VERA_DATA0
002988  1               
002988  1                   ; return
002988  1  60               rts
002989  1               
002989  1               
002989  1               ; ----------
002989  1               ; main
002989  1               ; ----------
002989  1               main:
002989  1                   ; this is the main game loop
002989  1                   ;
002989  1               @gameLoop:
002989  1               	; wait until 1/60 second has passed since last time
002989  1  20 90 29         jsr waitTimerInterrupt
00298C  1                   ; once it returns we do our logic
00298C  1               
00298C  1                   ; print a message to screen
00298C  1                   ; jsr testMessage
00298C  1                   ;jsr veraChangeBorder
00298C  1                   ; jump back to start of main loop
00298C  1  4C 89 29         jmp @gameLoop
00298F  1               
00298F  1               @end:
00298F  1                   ; do some end game things
00298F  1                   ; exit the game
00298F  1  60               rts
002990  1               
002990  1               
002990  1               ; ----------
002990  1               ; function - wait for timer interrupt
002990  1               ; ----------
002990  1               ; This function uses the variable GAME_TIMER
002990  1               ; The variable GAME_TIMER should be initialized during program start
002990  1               ; Using the function KERNAL_RDTIM and saving reg A into GAME_TIMER
002990  1               waitTimerInterrupt:
002990  1               @start:
002990  1                   ; none
002990  1               @loop:
002990  1  20 DE FF         jsr KERNAL_RDTIM
002993  1  C5 24            cmp GAME_TIMER ; Compare current jiffy in A to previous jiffy in GAME_TIMER
002995  1  F0 F9            beq @loop ; If not different then loop
002997  1               @end:
002997  1  85 24            sta GAME_TIMER ; update our timing variable
002999  1  60               rts
00299A  1               
00299A  1               
00299A  1               ; ----------
00299A  1               ; function - setupVera
00299A  1               ; ----------
00299A  1               ; simple test function
00299A  1               setupVera:
00299A  1                   ; turn on sprites
00299A  1  AD 29 9F         lda VERA_DC_VIDEO ; get the current video settings
00299D  1  09 40            ora #MASK_VERA_SPRITE ; mask the value
00299F  1  8D 29 9F         sta VERA_DC_VIDEO ; set vera with sprite on
0029A2  1                   ; set our layer,
0029A2  1  9C 25 9F         stz VERA_CTRL
0029A2  1               
